Date,Code,AdjClose,Close,ST,FreeFloatA,Industry,TotalShare
2007-08-23,SZE_002163,5.1316003464,23.94,0.0,2720.0,建筑,13600.0
2007-08-24,SZE_002163,4.8765207971,22.75,0.0,2720.0,建筑,13600.0
2007-08-27,SZE_002163,4.7629139389,22.22,0.0,2720.0,建筑,13600.0
2007-08-28,SZE_002163,4.9215348352,22.96,0.0,2720.0,建筑,13600.0
2007-08-29,SZE_002163,4.7436222083,22.13,0.0,2720.0,建筑,13600.0
2007-08-30,SZE_002163,4.8014974002,22.4,0.0,2720.0,建筑,13600.0
2007-08-31,SZE_002163,4.8357938102,22.56,0.0,2720.0,建筑,13600.0
2007-09-03,SZE_002163,4.7993538746,22.39,0.0,2720.0,建筑,13600.0
2007-09-04,SZE_002163,4.7243304777,22.04,0.0,2720.0,建筑,13600.0
2007-09-05,SZE_002163,4.6364459271,21.63,0.0,2720.0,建筑,13600.0
2007-09-06,SZE_002163,4.6621682346,21.75,0.0,2720.0,建筑,13600.0
2007-09-07,SZE_002163,4.5549919533,21.25,0.0,2720.0,建筑,13600.0
2007-09-10,SZE_002163,4.430667467,20.67,0.0,2720.0,建筑,13600.0
2007-09-11,SZE_002163,4.2227454814,19.7,0.0,2720.0,建筑,13600.0
2007-09-13,SZE_002163,4.3406393908,20.25,0.0,2720.0,建筑,13600.0
2007-09-14,SZE_002163,4.362074647,20.35,0.0,2720.0,建筑,13600.0
2007-09-17,SZE_002163,4.276333622,19.95,0.0,2720.0,建筑,13600.0
2007-09-18,SZE_002163,4.2291760583,19.73,0.0,2720.0,建筑,13600.0
2007-09-19,SZE_002163,4.1691573408,19.45,0.0,2720.0,建筑,13600.0
2007-09-20,SZE_002163,4.1820184945,19.51,0.0,2720.0,建筑,13600.0
2007-09-21,SZE_002163,4.0469763802,18.88,0.0,2720.0,建筑,13600.0
2007-09-24,SZE_002163,3.8519155483,17.97,0.0,2720.0,建筑,13600.0
2007-09-25,SZE_002163,3.8840684326,18.12,0.0,2720.0,建筑,13600.0
2007-09-26,SZE_002163,3.8540590739,17.98,0.0,2720.0,建筑,13600.0
2007-09-27,SZE_002163,3.9398000989,18.38,0.0,2720.0,建筑,13600.0
2007-09-28,SZE_002163,3.9590918295,18.47,0.0,2720.0,建筑,13600.0
2007-10-08,SZE_002163,3.9355130477,18.36,0.0,2720.0,建筑,13600.0
2007-10-09,SZE_002163,4.0748422133,19.01,0.0,2720.0,建筑,13600.0
2007-10-10,SZE_002163,4.0126799702,18.72,0.0,2720.0,建筑,13600.0
2007-10-11,SZE_002163,4.0812727902,19.04,0.0,2720.0,建筑,13600.0
2007-10-12,SZE_002163,4.2313195839,19.74,0.0,2720.0,建筑,13600.0
2007-10-15,SZE_002163,4.4156627877,20.6,0.0,2720.0,建筑,13600.0
2007-10-16,SZE_002163,4.276333622,19.95,0.0,2720.0,建筑,13600.0
2007-10-17,SZE_002163,4.1841620202,19.52,0.0,2720.0,建筑,13600.0
2007-10-18,SZE_002163,4.0319717008,18.81,0.0,2720.0,建筑,13600.0
2007-10-19,SZE_002163,3.9526612527,18.44,0.0,2720.0,建筑,13600.0
2007-10-22,SZE_002163,3.8240497151,17.84,0.0,2720.0,建筑,13600.0
2007-10-23,SZE_002163,3.8454849714,17.94,0.0,2720.0,建筑,13600.0
2007-10-24,SZE_002163,3.779035677,17.63,0.0,2720.0,建筑,13600.0
2007-10-25,SZE_002163,3.4296410001,16.0,0.0,2720.0,建筑,13600.0
2007-10-26,SZE_002163,3.2967424114,15.38,0.0,2720.0,建筑,13600.0
2007-10-29,SZE_002163,3.3246082445,15.51,0.0,2720.0,建筑,13600.0
2007-10-30,SZE_002163,3.3288952958,15.53,0.0,2720.0,建筑,13600.0
2007-10-31,SZE_002163,3.6225583064,16.9,0.0,2720.0,建筑,13600.0
2007-11-01,SZE_002163,3.4617938845,16.15,0.0,2720.0,建筑,13600.0
2007-11-02,SZE_002163,3.3438999751,15.6,0.0,2720.0,建筑,13600.0
2007-11-05,SZE_002163,3.4296410001,16.0,0.0,2720.0,建筑,13600.0
2007-11-06,SZE_002163,3.418923372,15.95,0.0,2720.0,建筑,13600.0
2007-11-07,SZE_002163,3.3481870264,15.62,0.0,2720.0,建筑,13600.0
2007-11-08,SZE_002163,3.2688765782,15.25,0.0,2720.0,建筑,13600.0
2007-11-09,SZE_002163,3.3010294626,15.4,0.0,2720.0,建筑,13600.0
2007-11-12,SZE_002163,3.1831355532,14.85,0.0,2720.0,建筑,13600.0
2007-11-13,SZE_002163,3.2024272839,14.94,0.0,2720.0,建筑,13600.0
2007-11-14,SZE_002163,3.2795942064,15.3,0.0,2720.0,建筑,13600.0
2007-11-15,SZE_002163,3.3053165139,15.42,0.0,2720.0,建筑,13600.0
2007-11-16,SZE_002163,3.4082057439,15.9,0.0,2720.0,建筑,13600.0
2007-11-19,SZE_002163,3.6954381776,17.24,0.0,2720.0,建筑,13600.0
2007-11-20,SZE_002163,3.5668266401,16.64,0.0,2720.0,建筑,13600.0
2007-11-21,SZE_002163,3.6890076008,17.21,0.0,2720.0,建筑,13600.0
2007-11-22,SZE_002163,3.6397065114,16.98,0.0,2720.0,建筑,13600.0
2007-11-23,SZE_002163,3.4082057439,15.9,0.0,3400.0,建筑,13600.0
2007-11-26,SZE_002163,3.5260996533,16.45,0.0,3400.0,建筑,13600.0
2007-11-27,SZE_002163,3.3396129239,15.58,0.0,3400.0,建筑,13600.0
2007-11-28,SZE_002163,3.2324366426,15.08,0.0,3400.0,建筑,13600.0
2007-11-29,SZE_002163,3.333182347,15.55,0.0,3400.0,建筑,13600.0
2007-11-30,SZE_002163,3.213144912,14.99,0.0,3400.0,建筑,13600.0
2007-12-04,SZE_002163,3.195996707,14.91,0.0,3400.0,建筑,13600.0
2007-12-05,SZE_002163,3.333182347,15.55,0.0,3400.0,建筑,13600.0
2007-12-06,SZE_002163,3.3546176033,15.65,0.0,3400.0,建筑,13600.0
2007-12-07,SZE_002163,3.3867704876,15.8,0.0,3400.0,建筑,13600.0
2007-12-10,SZE_002163,3.4853726664,16.26,0.0,3400.0,建筑,13600.0
2007-12-11,SZE_002163,3.5153820251,16.4,0.0,3400.0,建筑,13600.0
2007-12-12,SZE_002163,3.4682244614,16.18,0.0,3400.0,建筑,13600.0
2007-12-13,SZE_002163,3.4767985639,16.22,0.0,3400.0,建筑,13600.0
2007-12-14,SZE_002163,3.6868640751,17.2,0.0,3400.0,建筑,13600.0
2007-12-17,SZE_002163,3.6804334983,17.17,0.0,3400.0,建筑,13600.0
2007-12-18,SZE_002163,3.5282431789,16.46,0.0,3400.0,建筑,13600.0
2007-12-19,SZE_002163,3.5925489476,16.76,0.0,3400.0,建筑,13600.0
2007-12-20,SZE_002163,3.6890076008,17.21,0.0,3400.0,建筑,13600.0
2007-12-21,SZE_002163,3.7918968308,17.69,0.0,3400.0,建筑,13600.0
2007-12-24,SZE_002163,3.7511698439,17.5,0.0,3400.0,建筑,13600.0
2007-12-25,SZE_002163,3.9033601633,18.21,0.0,3400.0,建筑,13600.0
2007-12-26,SZE_002163,3.9698094577,18.52,0.0,3400.0,建筑,13600.0
2007-12-27,SZE_002163,4.0319717008,18.81,0.0,3400.0,建筑,13600.0
2007-12-28,SZE_002163,3.9698094577,18.52,0.0,3400.0,建筑,13600.0
2008-01-02,SZE_002163,4.0619810595,18.95,0.0,3400.0,建筑,13600.0
2008-01-03,SZE_002163,4.0726986877,19.0,0.0,3400.0,建筑,13600.0
2008-01-04,SZE_002163,4.1498656102,19.36,0.0,3400.0,建筑,13600.0
2008-01-07,SZE_002163,4.104851572,19.15,0.0,3400.0,建筑,13600.0
2008-01-08,SZE_002163,3.9226518939,18.3,0.0,3400.0,建筑,13600.0
2008-01-09,SZE_002163,4.0255411239,18.78,0.0,3400.0,建筑,13600.0
2008-01-10,SZE_002163,3.9719529833,18.53,0.0,3400.0,建筑,13600.0
2008-01-11,SZE_002163,3.9762400345,18.55,0.0,3400.0,建筑,13600.0
2008-01-14,SZE_002163,4.1455785589,19.34,0.0,3400.0,建筑,13600.0
2008-01-15,SZE_002163,4.2356066352,19.76,0.0,3400.0,建筑,13600.0
2008-01-16,SZE_002163,4.2013102252,19.6,0.0,3400.0,建筑,13600.0
2008-01-17,SZE_002163,4.0298281752,18.8,0.0,3400.0,建筑,13600.0
2008-01-18,SZE_002163,4.0598375339,18.94,0.0,3400.0,建筑,13600.0
2008-01-21,SZE_002163,3.8154756126,17.8,0.0,3400.0,建筑,13600.0
2008-01-22,SZE_002163,3.4339280514,16.02,0.0,3400.0,建筑,13600.0
2008-01-23,SZE_002163,3.5496784351,16.56,0.0,3400.0,建筑,13600.0
2008-01-24,SZE_002163,3.6461370883,17.01,0.0,3400.0,建筑,13600.0
2008-01-25,SZE_002163,4.0105364445,18.71,0.0,3400.0,建筑,13600.0
2008-01-28,SZE_002163,4.0298281752,18.8,0.0,3400.0,建筑,13600.0
2008-01-29,SZE_002163,3.9526612527,18.44,0.0,3400.0,建筑,13600.0
2008-01-30,SZE_002163,4.1134256745,19.19,0.0,3400.0,建筑,13600.0
2008-01-31,SZE_002163,3.761887472,17.55,0.0,3400.0,建筑,13600.0
2008-02-01,SZE_002163,3.4853726664,16.26,0.0,3400.0,建筑,13600.0
2008-02-04,SZE_002163,3.7940403564,17.7,0.0,3400.0,建筑,13600.0
2008-02-05,SZE_002163,3.7833227283,17.65,0.0,3400.0,建筑,13600.0
2008-02-13,SZE_002163,3.8604896508,18.01,0.0,3400.0,建筑,13600.0
2008-02-14,SZE_002163,4.0105364445,18.71,0.0,3400.0,建筑,13600.0
2008-02-15,SZE_002163,4.0384022777,18.84,0.0,3400.0,建筑,13600.0
2008-02-19,SZE_002163,4.4413850952,20.72,0.0,3400.0,建筑,13600.0
2008-02-20,SZE_002163,4.5978624658,21.45,0.0,3400.0,建筑,13600.0
2008-02-21,SZE_002163,4.6064365683,21.49,0.0,3400.0,建筑,13600.0
2008-02-22,SZE_002163,4.3513570189,20.3,0.0,3400.0,建筑,13600.0
2008-02-25,SZE_002163,4.2870512502,20.0,0.0,3400.0,建筑,13600.0
2008-02-26,SZE_002163,4.3835099033,20.45,0.0,3400.0,建筑,13600.0
2008-02-27,SZE_002163,4.4220933645,20.63,0.0,3400.0,建筑,13600.0
2008-02-28,SZE_002163,4.3299217627,20.2,0.0,3400.0,建筑,13600.0
2008-02-29,SZE_002163,4.4220933645,20.63,0.0,3400.0,建筑,13600.0
2008-03-03,SZE_002163,4.533556697,21.15,0.0,3400.0,建筑,13600.0
2008-03-04,SZE_002163,4.3299217627,20.2,0.0,3400.0,建筑,13600.0
2008-03-05,SZE_002163,4.2656159939,19.9,0.0,3400.0,建筑,13600.0
2008-03-06,SZE_002163,4.2334631095,19.75,0.0,3400.0,建筑,13600.0
2008-03-07,SZE_002163,4.2377501608,19.77,0.0,3400.0,建筑,13600.0
2008-03-10,SZE_002163,4.0791292645,19.03,0.0,3400.0,建筑,13600.0
2008-03-11,SZE_002163,4.139147982,19.31,0.0,3400.0,建筑,13600.0
2008-03-12,SZE_002163,4.0512634314,18.9,0.0,3400.0,建筑,13600.0
2008-03-13,SZE_002163,4.1627267639,19.42,0.0,3400.0,建筑,13600.0
2008-03-14,SZE_002163,4.1605832383,19.41,0.0,3400.0,建筑,13600.0
2008-03-18,SZE_002163,3.744739267,17.47,0.0,3400.0,建筑,13600.0
2008-03-19,SZE_002163,3.7918968308,17.69,0.0,3400.0,建筑,13600.0
2008-03-20,SZE_002163,3.881924907,18.11,0.0,3400.0,建筑,13600.0
2008-03-21,SZE_002163,3.8390543945,17.91,0.0,3400.0,建筑,13600.0
2008-03-24,SZE_002163,3.7940403564,17.7,0.0,3400.0,建筑,13600.0
2008-03-25,SZE_002163,3.8326238176,17.88,0.0,3400.0,建筑,13600.0
2008-03-26,SZE_002163,3.8326238176,17.88,0.0,3400.0,建筑,13600.0
2008-03-27,SZE_002163,3.6718593958,17.13,0.0,3400.0,建筑,13600.0
2008-03-28,SZE_002163,3.761887472,17.55,0.0,3400.0,建筑,13600.0
2008-03-31,SZE_002163,3.4789420895,16.23,0.0,3400.0,建筑,13600.0
2008-04-01,SZE_002163,3.1552697201,14.72,0.0,3400.0,建筑,13600.0
2008-04-02,SZE_002163,2.9666394651,13.84,0.0,3400.0,建筑,13600.0
2008-04-03,SZE_002163,3.0545240157,14.25,0.0,3400.0,建筑,13600.0
2008-04-07,SZE_002163,3.2367236939,15.1,0.0,3400.0,建筑,13600.0
2008-04-08,SZE_002163,3.2731636295,15.27,0.0,3400.0,建筑,13600.0
2008-04-10,SZE_002163,3.264589527,15.23,0.0,3400.0,建筑,13600.0
2008-04-11,SZE_002163,3.4039186926,15.88,0.0,3400.0,建筑,13600.0
2008-04-14,SZE_002163,3.1595567714,14.74,0.0,3400.0,建筑,13600.0
2008-04-15,SZE_002163,3.1509826689,14.7,0.0,3400.0,建筑,13600.0
2008-04-16,SZE_002163,2.9666394651,13.84,0.0,3400.0,建筑,13600.0
2008-04-17,SZE_002163,2.6686800429,8.24,0.0,5100.0,建筑,20400.0
2008-04-18,SZE_002163,2.4193009612,7.47,0.0,5100.0,建筑,20400.0
2008-04-21,SZE_002163,2.4905521274,7.69,0.0,5100.0,建筑,20400.0
2008-04-22,SZE_002163,2.5358937786,7.83,0.0,5100.0,建筑,20400.0
2008-04-23,SZE_002163,2.6330544598,8.13,0.0,5100.0,建筑,20400.0
2008-04-24,SZE_002163,2.8662400946,8.85,0.0,5100.0,建筑,20400.0
2008-04-25,SZE_002163,2.8241371327,8.72,0.0,5100.0,建筑,20400.0
2008-04-28,SZE_002163,2.9957876695,9.25,0.0,5100.0,建筑,20400.0
2008-04-29,SZE_002163,2.9893102907,9.23,0.0,5100.0,建筑,20400.0
2008-04-30,SZE_002163,3.0119811163,9.3,0.0,5100.0,建筑,20400.0
2008-05-05,SZE_002163,3.0378906313,9.38,0.0,5100.0,建筑,20400.0
2008-05-07,SZE_002163,2.8468079583,8.79,0.0,5100.0,建筑,20400.0
2008-05-08,SZE_002163,2.9374912608,9.07,0.0,5100.0,建筑,20400.0
2008-05-09,SZE_002163,2.8986269883,8.95,0.0,5100.0,建筑,20400.0
2008-05-12,SZE_002163,2.8662400946,8.85,0.0,5100.0,建筑,20400.0
2008-05-13,SZE_002163,2.7852728603,8.6,0.0,5100.0,建筑,20400.0
2008-05-14,SZE_002163,2.8953882989,8.94,0.0,5100.0,建筑,20400.0
2008-05-15,SZE_002163,2.9148204352,9.0,0.0,5100.0,建筑,20400.0
2008-05-16,SZE_002163,2.8824335414,8.9,0.0,5100.0,建筑,20400.0
2008-05-19,SZE_002163,3.1706768956,9.79,0.0,5100.0,建筑,20400.0
2008-05-20,SZE_002163,2.8791948521,8.89,0.0,5100.0,建筑,20400.0
2008-05-21,SZE_002163,2.8921496095,8.93,0.0,5100.0,建筑,20400.0
2008-05-22,SZE_002163,2.8241371327,8.72,0.0,5100.0,建筑,20400.0
2008-05-23,SZE_002163,2.7237377622,8.41,0.0,5100.0,建筑,20400.0
2008-05-26,SZE_002163,2.6200997023,8.09,0.0,5100.0,建筑,20400.0
2008-05-27,SZE_002163,2.6395318385,8.15,0.0,5100.0,建筑,20400.0
2008-05-28,SZE_002163,2.7075443153,8.36,0.0,5100.0,建筑,20400.0
2008-05-29,SZE_002163,2.6168610129,8.08,0.0,5100.0,建筑,20400.0
2008-05-30,SZE_002163,2.6071449448,8.05,0.0,5100.0,建筑,20400.0
2008-06-02,SZE_002163,2.6557252854,8.2,0.0,5100.0,建筑,20400.0
2008-06-03,SZE_002163,2.626577081,8.11,0.0,5100.0,建筑,20400.0
2008-06-04,SZE_002163,2.6460092172,8.17,0.0,5100.0,建筑,20400.0
2008-06-05,SZE_002163,2.6881121791,8.3,0.0,5100.0,建筑,20400.0
2008-06-06,SZE_002163,2.6945895578,8.32,0.0,5100.0,建筑,20400.0
2008-06-10,SZE_002163,2.4257783399,7.49,0.0,5100.0,建筑,20400.0
2008-06-11,SZE_002163,2.3059468331,7.12,0.0,5100.0,建筑,20400.0
2008-06-12,SZE_002163,2.2638438713,6.99,0.0,5100.0,建筑,20400.0
2008-06-13,SZE_002163,2.1602058114,6.67,0.0,5100.0,建筑,20400.0
2008-06-16,SZE_002163,2.1731605689,6.71,0.0,5100.0,建筑,20400.0
2008-06-17,SZE_002163,2.1893540157,6.76,0.0,5100.0,建筑,20400.0
2008-06-18,SZE_002163,2.2767986288,7.03,0.0,5100.0,建筑,20400.0
2008-06-19,SZE_002163,2.0500903727,6.33,0.0,5100.0,建筑,20400.0
2008-06-20,SZE_002163,1.9626457597,6.06,0.0,5100.0,建筑,20400.0
2008-06-23,SZE_002163,1.8590076998,5.74,0.0,5100.0,建筑,20400.0
2008-06-24,SZE_002163,1.9011106616,5.87,0.0,5100.0,建筑,20400.0
2008-06-25,SZE_002163,2.017703479,6.23,0.0,5100.0,建筑,20400.0
2008-06-26,SZE_002163,2.017703479,6.23,0.0,5100.0,建筑,20400.0
2008-06-27,SZE_002163,1.878439836,5.8,0.0,5100.0,建筑,20400.0
2008-06-30,SZE_002163,1.9399749341,5.99,0.0,5100.0,建筑,20400.0
2008-07-01,SZE_002163,1.9399749341,5.99,0.0,5100.0,建筑,20400.0
2008-07-02,SZE_002163,1.9626457597,6.06,0.0,5100.0,建筑,20400.0
2008-07-03,SZE_002163,2.0403743046,6.3,0.0,5100.0,建筑,20400.0
2008-07-04,SZE_002163,2.0565677515,6.35,0.0,5100.0,建筑,20400.0
2008-07-07,SZE_002163,2.131057607,6.58,0.0,5100.0,建筑,20400.0
2008-07-08,SZE_002163,2.1342962964,6.59,0.0,5100.0,建筑,20400.0
2008-07-09,SZE_002163,2.2055474626,6.81,0.0,5100.0,建筑,20400.0
2008-07-10,SZE_002163,2.2249795988,6.87,0.0,5100.0,建筑,20400.0
2008-07-11,SZE_002163,2.1893540157,6.76,0.0,5100.0,建筑,20400.0
2008-07-14,SZE_002163,2.2217409095,6.86,0.0,5100.0,建筑,20400.0
2008-07-15,SZE_002163,2.131057607,6.58,0.0,5100.0,建筑,20400.0
2008-07-16,SZE_002163,1.9950326534,6.16,0.0,5100.0,建筑,20400.0
2008-07-17,SZE_002163,2.0662838196,6.38,0.0,5100.0,建筑,20400.0
2008-07-18,SZE_002163,2.2055474626,6.81,0.0,5100.0,建筑,20400.0
2008-07-21,SZE_002163,2.2670825607,7.0,0.0,5100.0,建筑,20400.0
2008-07-22,SZE_002163,2.3059468331,7.12,0.0,5100.0,建筑,20400.0
2008-07-23,SZE_002163,2.3415724162,7.23,0.0,5100.0,建筑,20400.0
2008-07-24,SZE_002163,2.4128235824,7.45,0.0,5100.0,建筑,20400.0
2008-07-25,SZE_002163,2.6557252854,8.2,0.0,5100.0,建筑,20400.0
2008-07-28,SZE_002163,2.6913508685,8.31,0.0,5100.0,建筑,20400.0
2008-07-29,SZE_002163,2.5618032936,7.91,0.0,5100.0,建筑,20400.0
2008-07-30,SZE_002163,2.4678813018,7.62,0.0,5100.0,建筑,20400.0
2008-07-31,SZE_002163,2.461403923,7.6,0.0,5100.0,建筑,20400.0
2008-08-01,SZE_002163,2.5229390211,7.79,0.0,5100.0,建筑,20400.0
2008-08-04,SZE_002163,2.3804366887,7.35,0.0,5100.0,建筑,20400.0
2008-08-05,SZE_002163,2.3383337269,7.22,0.0,5100.0,建筑,20400.0
2008-08-06,SZE_002163,2.4549265443,7.58,0.0,5100.0,建筑,20400.0
2008-08-07,SZE_002163,2.626577081,8.11,0.0,5100.0,建筑,20400.0
2008-08-08,SZE_002163,2.3642432418,7.3,0.0,5100.0,建筑,20400.0
2008-08-11,SZE_002163,2.1278189177,6.57,0.0,5100.0,建筑,20400.0
2008-08-12,SZE_002163,1.991793964,6.15,0.0,5100.0,建筑,20400.0
2008-08-13,SZE_002163,1.9432136234,6.0,0.0,5100.0,建筑,20400.0
2008-08-14,SZE_002163,1.9594070703,6.05,0.0,5100.0,建筑,20400.0
2008-08-15,SZE_002163,1.9529296916,6.03,0.0,5100.0,建筑,20400.0
2008-08-18,SZE_002163,1.7586083292,5.43,0.0,5100.0,建筑,20400.0
2008-08-19,SZE_002163,1.765085708,5.45,0.0,5100.0,建筑,20400.0
2008-08-20,SZE_002163,1.9108267297,5.9,0.0,5100.0,建筑,20400.0
2008-08-21,SZE_002163,1.7812791548,5.5,0.0,5100.0,建筑,20400.0
2008-08-22,SZE_002163,1.7197440567,5.31,0.0,5100.0,建筑,20400.0
2008-08-25,SZE_002163,1.7067892993,5.27,0.0,8044.8,建筑,20400.0
2008-08-26,SZE_002163,1.6161059968,4.99,0.0,8044.8,建筑,20400.0
2008-08-27,SZE_002163,1.6193446862,5.0,0.0,8044.8,建筑,20400.0
2008-08-28,SZE_002163,1.6161059968,4.99,0.0,8044.8,建筑,20400.0
2008-08-29,SZE_002163,1.6646863374,5.14,0.0,8044.8,建筑,20400.0
2008-09-01,SZE_002163,1.6063899287,4.96,0.0,8044.8,建筑,20400.0
2008-09-02,SZE_002163,1.6290607543,5.03,0.0,8044.8,建筑,20400.0
2008-09-03,SZE_002163,1.6420155118,5.07,0.0,8044.8,建筑,20400.0
2008-09-04,SZE_002163,1.6711637162,5.16,0.0,8044.8,建筑,20400.0
2008-09-05,SZE_002163,1.5869577925,4.9,0.0,8044.8,建筑,20400.0
2008-09-08,SZE_002163,1.4412167707,4.45,0.0,8044.8,建筑,20400.0
2008-09-09,SZE_002163,1.4574102176,4.5,0.0,8044.8,建筑,20400.0
2008-09-10,SZE_002163,1.4703649751,4.54,0.0,8044.8,建筑,20400.0
2008-09-11,SZE_002163,1.4444554601,4.46,0.0,8044.8,建筑,20400.0
2008-09-12,SZE_002163,1.4574102176,4.5,0.0,8044.8,建筑,20400.0
2008-09-16,SZE_002163,1.4153072557,4.37,0.0,8044.8,建筑,20400.0
2008-09-17,SZE_002163,1.357010847,4.19,0.0,8044.8,建筑,20400.0
2008-09-18,SZE_002163,1.295475749,4.0,0.0,8044.8,建筑,20400.0
2008-09-19,SZE_002163,1.4250233239,4.4,0.0,8044.8,建筑,20400.0
2008-09-22,SZE_002163,1.4930358007,4.61,0.0,8044.8,建筑,20400.0
2008-09-23,SZE_002163,1.6420155118,5.07,0.0,8044.8,建筑,20400.0
2008-09-24,SZE_002163,1.6225833756,5.01,0.0,8044.8,建筑,20400.0
2008-09-25,SZE_002163,1.6322994437,5.04,0.0,8044.8,建筑,20400.0
2008-09-26,SZE_002163,1.5966738606,4.93,0.0,8044.8,建筑,20400.0
2008-10-06,SZE_002163,1.4638875963,4.52,0.0,8044.8,建筑,20400.0
2008-10-07,SZE_002163,1.4217846345,4.39,0.0,8044.8,建筑,20400.0
2008-10-08,SZE_002163,1.4476941495,4.47,0.0,8044.8,建筑,20400.0
2008-10-09,SZE_002163,1.4023524982,4.33,0.0,8044.8,建筑,20400.0
2008-10-10,SZE_002163,1.2857596808,3.97,0.0,8044.8,建筑,20400.0
2008-10-13,SZE_002163,1.3343400214,4.12,0.0,8044.8,建筑,20400.0
2008-10-14,SZE_002163,1.3149078852,4.06,0.0,8044.8,建筑,20400.0
2008-10-15,SZE_002163,1.3019531277,4.02,0.0,8044.8,建筑,20400.0
2008-10-16,SZE_002163,1.2339406509,3.81,0.0,8044.8,建筑,20400.0
2008-10-17,SZE_002163,1.269566234,3.92,0.0,8044.8,建筑,20400.0
2008-10-20,SZE_002163,1.3084305064,4.04,0.0,8044.8,建筑,20400.0
2008-10-21,SZE_002163,1.3116691958,4.05,0.0,8044.8,建筑,20400.0
2008-10-22,SZE_002163,1.2889983702,3.98,0.0,8044.8,建筑,20400.0
2008-10-23,SZE_002163,1.2792823021,3.95,0.0,8044.8,建筑,20400.0
2008-10-24,SZE_002163,1.2630888552,3.9,0.0,8044.8,建筑,20400.0
2008-10-27,SZE_002163,1.1432573485,3.53,0.0,8044.8,建筑,20400.0
2008-10-28,SZE_002163,1.1691668634,3.61,0.0,8044.8,建筑,20400.0
2008-10-29,SZE_002163,1.1497347272,3.55,0.0,8044.8,建筑,20400.0
2008-10-30,SZE_002163,1.1529734166,3.56,0.0,8044.8,建筑,20400.0
2008-10-31,SZE_002163,1.1238252122,3.47,0.0,8044.8,建筑,20400.0
2008-11-03,SZE_002163,1.0946770079,3.38,0.0,8044.8,建筑,20400.0
2008-11-04,SZE_002163,1.1108704547,3.43,0.0,8044.8,建筑,20400.0
2008-11-05,SZE_002163,1.1562121059,3.57,0.0,8044.8,建筑,20400.0
2008-11-06,SZE_002163,1.1141091441,3.44,0.0,8044.8,建筑,20400.0
2008-11-07,SZE_002163,1.1432573485,3.53,0.0,8044.8,建筑,20400.0
2008-11-10,SZE_002163,1.2501340977,3.86,0.0,8044.8,建筑,20400.0
2008-11-11,SZE_002163,1.243656719,3.84,0.0,8044.8,建筑,20400.0
2008-11-12,SZE_002163,1.3149078852,4.06,0.0,8044.8,建筑,20400.0
2008-11-13,SZE_002163,1.4153072557,4.37,0.0,8044.8,建筑,20400.0
2008-11-17,SZE_002163,1.5578095881,4.81,0.0,8044.8,建筑,20400.0
2008-11-18,SZE_002163,1.4023524982,4.33,0.0,8044.8,建筑,20400.0
2008-11-19,SZE_002163,1.5027518688,4.64,0.0,8044.8,建筑,20400.0
2008-11-20,SZE_002163,1.4574102176,4.5,0.0,8044.8,建筑,20400.0
2008-11-21,SZE_002163,1.4509328388,4.48,0.0,8044.8,建筑,20400.0
2008-11-24,SZE_002163,1.3861590514,4.28,0.0,8044.8,建筑,20400.0
2008-11-25,SZE_002163,1.3505334683,4.17,0.0,8044.8,建筑,20400.0
2008-11-26,SZE_002163,1.3472947789,4.16,0.0,8044.8,建筑,20400.0
2008-11-27,SZE_002163,1.3796816726,4.26,0.0,8044.8,建筑,20400.0
2008-11-28,SZE_002163,1.5189453157,4.69,0.0,8044.8,建筑,20400.0
2008-12-01,SZE_002163,1.6711637162,5.16,0.0,8044.8,建筑,20400.0
2008-12-02,SZE_002163,1.6258220649,5.02,0.0,8044.8,建筑,20400.0
2008-12-03,SZE_002163,1.661447648,5.13,0.0,8044.8,建筑,20400.0
2008-12-04,SZE_002163,1.7521309505,5.41,0.0,8044.8,建筑,20400.0
2008-12-05,SZE_002163,1.765085708,5.45,0.0,8044.8,建筑,20400.0
2008-12-08,SZE_002163,1.826620806,5.64,0.0,8044.8,建筑,20400.0
2008-12-09,SZE_002163,1.7100279886,5.28,0.0,8044.8,建筑,20400.0
2008-12-10,SZE_002163,1.7845178442,5.51,0.0,8044.8,建筑,20400.0
2008-12-11,SZE_002163,1.6841184736,5.2,0.0,8044.8,建筑,20400.0
2008-12-12,SZE_002163,1.5675256562,4.84,0.0,8044.8,建筑,20400.0
2008-12-15,SZE_002163,1.6290607543,5.03,0.0,8044.8,建筑,20400.0
2008-12-16,SZE_002163,1.7197440567,5.31,0.0,8044.8,建筑,20400.0
2008-12-17,SZE_002163,1.6938345418,5.23,0.0,8044.8,建筑,20400.0
2008-12-18,SZE_002163,1.713266678,5.29,0.0,8044.8,建筑,20400.0
2008-12-19,SZE_002163,1.7877565336,5.52,0.0,8044.8,建筑,20400.0
2008-12-22,SZE_002163,1.8363368741,5.67,0.0,8044.8,建筑,20400.0
2008-12-23,SZE_002163,1.6549702693,5.11,0.0,8044.8,建筑,20400.0
2008-12-25,SZE_002163,1.5934351712,4.92,0.0,8044.8,建筑,20400.0
2008-12-26,SZE_002163,1.59991255,4.94,0.0,8044.8,建筑,20400.0
2008-12-29,SZE_002163,1.6582089587,5.12,0.0,8044.8,建筑,20400.0
2008-12-30,SZE_002163,1.6096286181,4.97,0.0,8044.8,建筑,20400.0
2008-12-31,SZE_002163,1.59991255,4.94,0.0,8044.8,建筑,20400.0
2009-01-05,SZE_002163,1.6484928905,5.09,0.0,8044.8,建筑,20400.0
2009-01-06,SZE_002163,1.7003119205,5.25,0.0,8044.8,建筑,20400.0
2009-01-07,SZE_002163,1.7424148823,5.38,0.0,8044.8,建筑,20400.0
2009-01-08,SZE_002163,1.7165053674,5.3,0.0,8044.8,建筑,20400.0
2009-01-09,SZE_002163,1.7812791548,5.5,0.0,8044.8,建筑,20400.0
2009-01-12,SZE_002163,1.7812791548,5.5,0.0,8044.8,建筑,20400.0
2009-01-13,SZE_002163,1.6808797843,5.19,0.0,8044.8,建筑,20400.0
2009-01-14,SZE_002163,1.7553696398,5.42,0.0,8044.8,建筑,20400.0
2009-01-15,SZE_002163,1.8136660485,5.6,0.0,8044.8,建筑,20400.0
2009-01-16,SZE_002163,1.8201434273,5.62,0.0,8044.8,建筑,20400.0
2009-01-19,SZE_002163,1.7715630867,5.47,0.0,8044.8,建筑,20400.0
2009-01-20,SZE_002163,1.9011106616,5.87,0.0,8044.8,建筑,20400.0
2009-01-21,SZE_002163,2.0079874109,6.2,0.0,8044.8,建筑,20400.0
2009-01-22,SZE_002163,2.2023087732,6.8,0.0,8044.8,建筑,20400.0
2009-01-23,SZE_002163,2.2670825607,7.0,0.0,8044.8,建筑,20400.0
2009-02-02,SZE_002163,2.3059468331,7.12,0.0,8044.8,建筑,20400.0
2009-02-03,SZE_002163,2.2897533863,7.07,0.0,8044.8,建筑,20400.0
2009-02-04,SZE_002163,2.3610045525,7.29,0.0,8044.8,建筑,20400.0
2009-02-05,SZE_002163,2.2444117351,6.93,0.0,8044.8,建筑,20400.0
2009-02-06,SZE_002163,2.348049795,7.25,0.0,8044.8,建筑,20400.0
2009-02-09,SZE_002163,2.487313438,7.68,0.0,8044.8,建筑,20400.0
2009-02-10,SZE_002163,2.7366925197,8.45,0.0,8044.8,建筑,20400.0
2009-02-11,SZE_002163,2.7043056259,8.35,0.0,8044.8,建筑,20400.0
2009-02-12,SZE_002163,2.7431698984,8.47,0.0,8044.8,建筑,20400.0
2009-02-13,SZE_002163,2.7820341709,8.59,0.0,8044.8,建筑,20400.0
2009-02-16,SZE_002163,2.7204990728,8.4,0.0,8044.8,建筑,20400.0
2009-02-17,SZE_002163,2.5844741192,7.98,0.0,8044.8,建筑,20400.0
2009-02-18,SZE_002163,2.4257783399,7.49,0.0,8044.8,建筑,20400.0
2009-02-19,SZE_002163,2.461403923,7.6,0.0,8044.8,建筑,20400.0
2009-02-20,SZE_002163,2.6816348003,8.28,0.0,8044.8,建筑,20400.0
2009-02-23,SZE_002163,2.7107830047,8.37,0.0,8044.8,建筑,20400.0
2009-02-24,SZE_002163,2.5261777105,7.8,0.0,8044.8,建筑,20400.0
2009-02-25,SZE_002163,2.6168610129,8.08,0.0,8044.8,建筑,20400.0
2009-02-26,SZE_002163,2.5488485361,7.87,0.0,8044.8,建筑,20400.0
2009-02-27,SZE_002163,2.2929920757,7.08,0.0,8044.8,建筑,20400.0
2009-03-02,SZE_002163,2.2606051819,6.98,0.0,8044.8,建筑,20400.0
2009-03-03,SZE_002163,2.208786152,6.82,0.0,8044.8,建筑,20400.0
2009-03-04,SZE_002163,2.348049795,7.25,0.0,8044.8,建筑,20400.0
2009-03-05,SZE_002163,2.3512884844,7.26,0.0,8044.8,建筑,20400.0
2009-03-06,SZE_002163,2.3091855225,7.13,0.0,8044.8,建筑,20400.0
2009-03-09,SZE_002163,2.1861153264,6.75,0.0,8044.8,建筑,20400.0
2009-03-10,SZE_002163,2.2929920757,7.08,0.0,8044.8,建筑,20400.0
2009-03-11,SZE_002163,2.3771979993,7.34,0.0,8044.8,建筑,20400.0
2009-03-12,SZE_002163,2.3642432418,7.3,0.0,8044.8,建筑,20400.0
2009-03-13,SZE_002163,2.3091855225,7.13,0.0,8044.8,建筑,20400.0
2009-03-16,SZE_002163,2.2994694544,7.1,0.0,8044.8,建筑,20400.0
2009-03-17,SZE_002163,2.3771979993,7.34,0.0,8044.8,建筑,20400.0
2009-03-18,SZE_002163,2.4225396506,7.48,0.0,8044.8,建筑,20400.0
2009-03-19,SZE_002163,2.461403923,7.6,0.0,8044.8,建筑,20400.0
2009-03-20,SZE_002163,2.4290170293,7.5,0.0,8044.8,建筑,20400.0
2009-03-23,SZE_002163,2.4516878549,7.57,0.0,8044.8,建筑,20400.0
2009-03-24,SZE_002163,2.5197003317,7.78,0.0,8044.8,建筑,20400.0
2009-03-25,SZE_002163,2.4290170293,7.5,0.0,8044.8,建筑,20400.0
2009-03-26,SZE_002163,2.5747580511,7.95,0.0,8044.8,建筑,20400.0
2009-03-27,SZE_002163,2.8338532008,8.75,0.0,8044.8,建筑,20400.0
2009-03-30,SZE_002163,2.9472073289,9.1,0.0,8044.8,建筑,20400.0
2009-03-31,SZE_002163,3.2419280618,10.01,0.0,8044.8,建筑,20400.0
2009-04-01,SZE_002163,3.4880684541,10.77,0.0,8044.8,建筑,20400.0
2009-04-02,SZE_002163,3.5334101053,10.91,0.0,8044.8,建筑,20400.0
2009-04-03,SZE_002163,3.5431261734,10.94,0.0,8044.8,建筑,20400.0
2009-04-07,SZE_002163,3.896143315,12.03,0.0,8044.8,建筑,20400.0
2009-04-08,SZE_002163,3.8508016638,11.89,0.0,8044.8,建筑,20400.0
2009-04-09,SZE_002163,3.9123367619,12.08,0.0,8044.8,建筑,20400.0
2009-04-10,SZE_002163,4.3042181759,13.29,0.0,8044.8,建筑,20400.0
2009-04-21,SZE_002163,4.7284864837,14.6,0.0,8044.8,建筑,20400.0
2009-04-22,SZE_002163,4.2556378353,13.14,0.0,8044.8,建筑,20400.0
2009-04-24,SZE_002163,4.1973414266,12.96,0.0,8044.8,建筑,20400.0
2009-04-27,SZE_002163,4.0807486092,12.6,0.0,8044.8,建筑,20400.0
2009-04-28,SZE_002163,3.9382462768,12.16,0.0,8044.8,建筑,20400.0
2009-04-29,SZE_002163,4.0548390942,12.52,0.0,8044.8,建筑,20400.0
2009-04-30,SZE_002163,4.0710325411,12.57,0.0,8044.8,建筑,20400.0
2009-05-04,SZE_002163,4.3106955547,13.31,0.0,8044.8,建筑,20400.0
2009-05-05,SZE_002163,4.4208109933,13.65,0.0,8044.8,建筑,20400.0
2009-05-06,SZE_002163,4.5114942957,13.93,0.0,8044.8,建筑,20400.0
2009-05-07,SZE_002163,4.2945021078,13.26,0.0,8044.8,建筑,20400.0
2009-05-08,SZE_002163,4.087225988,12.62,0.0,8044.8,建筑,20400.0
2009-05-11,SZE_002163,3.9803492387,12.29,0.0,8044.8,建筑,20400.0
2009-05-12,SZE_002163,4.0937033667,12.64,0.0,8044.8,建筑,20400.0
2009-05-13,SZE_002163,4.1843866691,12.92,0.0,8044.8,建筑,20400.0
2009-05-14,SZE_002163,4.1422837073,12.79,0.0,8044.8,建筑,20400.0
2009-05-15,SZE_002163,4.2815473503,13.22,0.0,8044.8,建筑,20400.0
2009-05-18,SZE_002163,4.174670601,12.89,0.0,8044.8,建筑,20400.0
2009-05-19,SZE_002163,4.2718312822,13.19,0.0,8044.8,建筑,20400.0
2009-05-20,SZE_002163,4.346890197,13.32,0.0,8044.8,建筑,20400.0
2009-05-21,SZE_002163,4.2130895228,12.91,0.0,8044.8,建筑,20400.0
2009-05-22,SZE_002163,4.26530442,13.07,0.0,8044.8,建筑,20400.0
2009-05-25,SZE_002163,4.2359335403,12.98,0.0,8044.8,建筑,20400.0
2009-05-26,SZE_002163,4.2881484376,13.14,0.0,8044.8,建筑,20400.0
2009-05-27,SZE_002163,4.26530442,13.07,0.0,8044.8,建筑,20400.0
2009-06-01,SZE_002163,4.3958416632,13.47,0.0,8044.8,建筑,20400.0
2009-06-02,SZE_002163,4.6634430116,14.29,0.0,8044.8,建筑,20400.0
2009-06-03,SZE_002163,4.6144915455,14.14,0.0,8044.8,建筑,20400.0
2009-06-04,SZE_002163,4.5296423374,13.88,0.0,8044.8,建筑,20400.0
2009-06-05,SZE_002163,4.3991050943,13.48,0.0,8044.8,建筑,20400.0
2009-06-08,SZE_002163,4.1902455052,12.84,0.0,8044.8,建筑,20400.0
2009-06-09,SZE_002163,4.2261432471,12.95,0.0,8044.8,建筑,20400.0
2009-06-10,SZE_002163,4.1543477634,12.73,0.0,8044.8,建筑,20400.0
2009-06-11,SZE_002163,4.180455212,12.81,0.0,8044.8,建筑,20400.0
2009-06-12,SZE_002163,4.1119231593,12.6,0.0,8044.8,建筑,20400.0
2009-06-15,SZE_002163,4.2000357985,12.87,0.0,8044.8,建筑,20400.0
2009-06-16,SZE_002163,4.1869820741,12.83,0.0,8044.8,建筑,20400.0
2009-06-17,SZE_002163,4.1902455052,12.84,0.0,8044.8,建筑,20400.0
2009-06-18,SZE_002163,4.2522506957,13.03,0.0,8044.8,建筑,20400.0
2009-06-19,SZE_002163,4.4382662672,13.6,0.0,8044.8,建筑,20400.0
2009-06-22,SZE_002163,4.2489872646,13.02,0.0,8044.8,建筑,20400.0
2009-06-23,SZE_002163,4.262040989,13.06,0.0,8044.8,建筑,20400.0
2009-06-24,SZE_002163,4.2783581443,13.11,0.0,8044.8,建筑,20400.0
2009-06-25,SZE_002163,4.2750947133,13.1,0.0,8044.8,建筑,20400.0
2009-06-26,SZE_002163,4.1935089363,12.85,0.0,8044.8,建筑,20400.0
2009-06-30,SZE_002163,4.1641380566,12.76,0.0,8143.2,建筑,20400.0
2009-07-01,SZE_002163,4.0858157107,12.52,0.0,8143.2,建筑,20400.0
2009-07-02,SZE_002163,4.0401276756,12.38,0.0,8143.2,建筑,20400.0
2009-07-03,SZE_002163,4.0238105202,12.33,0.0,8143.2,建筑,20400.0
2009-07-06,SZE_002163,3.9552784675,12.12,0.0,8143.2,建筑,20400.0
2009-07-07,SZE_002163,4.0074933648,12.28,0.0,8143.2,建筑,20400.0
2009-07-08,SZE_002163,4.0597082621,12.44,0.0,8143.2,建筑,20400.0
2009-07-09,SZE_002163,4.2261432471,12.95,0.0,8143.2,建筑,20400.0
2009-07-10,SZE_002163,4.2032992295,12.88,0.0,8143.2,建筑,20400.0
2009-07-13,SZE_002163,4.2914118687,13.15,0.0,8143.2,建筑,20400.0
2009-07-14,SZE_002163,4.3632073524,13.37,0.0,8143.2,建筑,20400.0
2009-07-15,SZE_002163,4.3240461794,13.25,0.0,8143.2,建筑,20400.0
2009-07-16,SZE_002163,4.2294066782,12.96,0.0,8143.2,建筑,20400.0
2009-07-17,SZE_002163,4.4415296983,13.61,0.0,8143.2,建筑,20400.0
2009-07-20,SZE_002163,4.7319750643,14.5,0.0,8143.2,建筑,20400.0
2009-07-21,SZE_002163,4.3501536281,13.33,0.0,8143.2,建筑,20400.0
2009-07-22,SZE_002163,4.4382662672,13.6,0.0,8143.2,建筑,20400.0
2009-07-23,SZE_002163,4.6177549765,14.15,0.0,8143.2,建筑,20400.0
2009-07-24,SZE_002163,4.4774274402,13.72,0.0,8143.2,建筑,20400.0
2009-07-27,SZE_002163,4.5035348888,13.8,0.0,8143.2,建筑,20400.0
2009-07-28,SZE_002163,4.7678728062,14.61,0.0,8143.2,建筑,20400.0
2009-07-29,SZE_002163,4.3664707835,13.38,0.0,8143.2,建筑,20400.0
2009-07-30,SZE_002163,4.3958416632,13.47,0.0,8143.2,建筑,20400.0
2009-07-31,SZE_002163,4.4415296983,13.61,0.0,8143.2,建筑,20400.0
2009-08-03,SZE_002163,4.594910959,14.08,0.0,8143.2,建筑,20400.0
2009-08-04,SZE_002163,5.0550547411,15.49,0.0,8143.2,建筑,20400.0
2009-08-05,SZE_002163,5.2214897261,16.0,0.0,8143.2,建筑,20400.0
2009-08-07,SZE_002163,4.8592488764,14.89,0.0,8143.2,建筑,20400.0
2009-08-10,SZE_002163,4.8527220142,14.87,0.0,8143.2,建筑,20400.0
2009-08-11,SZE_002163,4.9016734804,15.02,0.0,8143.2,建筑,20400.0
2009-08-12,SZE_002163,4.4121588186,13.52,0.0,8143.2,建筑,20400.0
2009-08-13,SZE_002163,4.346890197,13.32,0.0,8143.2,建筑,20400.0
2009-08-14,SZE_002163,4.0107567959,12.29,0.0,8143.2,建筑,20400.0
2009-08-17,SZE_002163,3.7203114299,11.4,0.0,8143.2,建筑,20400.0
2009-08-18,SZE_002163,3.8345315176,11.75,0.0,8143.2,建筑,20400.0
2009-08-19,SZE_002163,3.4657638057,10.62,0.0,8143.2,建筑,20400.0
2009-08-20,SZE_002163,3.6224084975,11.1,0.0,8143.2,建筑,20400.0
2009-08-21,SZE_002163,3.8312680865,11.74,0.0,8143.2,建筑,20400.0
2009-08-24,SZE_002163,4.0662351242,12.46,0.0,8143.2,建筑,20400.0
2009-08-25,SZE_002163,3.8834829838,11.9,0.0,8143.2,建筑,20400.0
2009-08-26,SZE_002163,4.0499179688,12.41,0.0,8143.2,建筑,20400.0
2009-08-27,SZE_002163,4.0238105202,12.33,0.0,8143.2,建筑,20400.0
2009-08-28,SZE_002163,3.8998001392,11.95,0.0,8143.2,建筑,20400.0
2009-08-31,SZE_002163,3.517978703,10.78,0.0,8143.2,建筑,20400.0
2009-09-01,SZE_002163,3.3907048909,10.39,0.0,8143.2,建筑,20400.0
2009-09-02,SZE_002163,3.4657638057,10.62,0.0,8143.2,建筑,20400.0
2009-09-03,SZE_002163,3.641989084,11.16,0.0,8143.2,建筑,20400.0
2009-09-04,SZE_002163,3.8214777933,11.71,0.0,8143.2,建筑,20400.0
2009-09-07,SZE_002163,3.7757897582,11.57,0.0,8143.2,建筑,20400.0
2009-09-08,SZE_002163,3.8345315176,11.75,0.0,8143.2,建筑,20400.0
2009-09-09,SZE_002163,3.8834829838,11.9,0.0,8143.2,建筑,20400.0
2009-09-10,SZE_002163,3.7529457407,11.5,0.0,8143.2,建筑,20400.0
2009-09-11,SZE_002163,3.7888434825,11.61,0.0,8143.2,建筑,20400.0
2009-09-14,SZE_002163,3.9454881743,12.09,0.0,8143.2,建筑,20400.0
2009-09-15,SZE_002163,3.9650687608,12.15,0.0,8143.2,建筑,20400.0
2009-09-16,SZE_002163,4.0662351242,12.46,0.0,8143.2,建筑,20400.0
2009-09-17,SZE_002163,4.2555141268,13.04,0.0,8143.2,建筑,20400.0
2009-09-18,SZE_002163,4.4447931294,13.62,0.0,8143.2,建筑,20400.0
2009-09-21,SZE_002163,4.5231154753,13.86,0.0,8143.2,建筑,20400.0
2009-09-22,SZE_002163,4.2163529538,12.92,0.0,8143.2,建筑,20400.0
2009-09-23,SZE_002163,3.9977030716,12.25,0.0,8143.2,建筑,20400.0
2009-09-24,SZE_002163,3.9454881743,12.09,0.0,8143.2,建筑,20400.0
2009-09-25,SZE_002163,3.8573755352,11.82,0.0,8143.2,建筑,20400.0
2009-09-28,SZE_002163,3.6713599637,11.25,0.0,8143.2,建筑,20400.0
2009-09-29,SZE_002163,3.7007308434,11.34,0.0,8143.2,建筑,20400.0
2009-09-30,SZE_002163,3.6778868258,11.27,0.0,8143.2,建筑,20400.0
2009-10-09,SZE_002163,3.8867464149,11.91,0.0,8143.2,建筑,20400.0
2009-10-12,SZE_002163,3.8965367081,11.94,0.0,8143.2,建筑,20400.0
2009-10-13,SZE_002163,4.0205470891,12.32,0.0,8143.2,建筑,20400.0
2009-10-14,SZE_002163,3.9944396405,12.24,0.0,8143.2,建筑,20400.0
2009-10-16,SZE_002163,4.0401276756,12.38,0.0,8143.2,建筑,20400.0
2009-10-19,SZE_002163,4.1021328661,12.57,0.0,8143.2,建筑,20400.0
2009-10-20,SZE_002163,4.1641380566,12.76,0.0,8143.2,建筑,20400.0
2009-10-21,SZE_002163,4.2881484376,13.14,0.0,8143.2,建筑,20400.0
2009-10-22,SZE_002163,4.222879816,12.94,0.0,8143.2,建筑,20400.0
2009-10-23,SZE_002163,4.2489872646,13.02,0.0,8143.2,建筑,20400.0
2009-10-26,SZE_002163,4.1674014877,12.77,0.0,8143.2,建筑,20400.0
2009-10-27,SZE_002163,4.0466545377,12.4,0.0,8143.2,建筑,20400.0
2009-10-28,SZE_002163,4.0270739513,12.34,0.0,8143.2,建筑,20400.0
2009-10-29,SZE_002163,3.9259075878,12.03,0.0,8143.2,建筑,20400.0
2009-10-30,SZE_002163,3.9454881743,12.09,0.0,8143.2,建筑,20400.0
2009-11-02,SZE_002163,4.0009665026,12.26,0.0,8143.2,建筑,20400.0
2009-11-03,SZE_002163,4.2163529538,12.92,0.0,8143.2,建筑,20400.0
2009-11-04,SZE_002163,4.2065626606,12.89,0.0,8143.2,建筑,20400.0
2009-11-05,SZE_002163,4.346890197,13.32,0.0,8143.2,建筑,20400.0
2009-11-06,SZE_002163,4.5231154753,13.86,0.0,8143.2,建筑,20400.0
2009-11-09,SZE_002163,4.5231154753,13.86,0.0,8143.2,建筑,20400.0
2009-11-10,SZE_002163,4.4480565604,13.63,0.0,8143.2,建筑,20400.0
2009-11-11,SZE_002163,4.5035348888,13.8,0.0,8143.2,建筑,20400.0
2009-11-12,SZE_002163,4.4252125429,13.56,0.0,8143.2,建筑,20400.0
2009-11-13,SZE_002163,4.5590132171,13.97,0.0,8143.2,建筑,20400.0
2009-11-16,SZE_002163,4.6210184076,14.16,0.0,8143.2,建筑,20400.0
2009-11-17,SZE_002163,4.7646093751,14.6,0.0,8143.2,建筑,20400.0
2009-11-18,SZE_002163,4.8918831872,14.99,0.0,8143.2,建筑,20400.0
2009-11-19,SZE_002163,4.8364048588,14.82,0.0,8143.2,建筑,20400.0
2009-11-20,SZE_002163,4.8070339791,14.73,0.0,8143.2,建筑,20400.0
2009-11-23,SZE_002163,4.8331414277,14.81,0.0,8143.2,建筑,20400.0
2009-11-24,SZE_002163,4.5067983199,13.81,0.0,8143.2,建筑,20400.0
2009-11-25,SZE_002163,4.6536527184,14.26,0.0,8143.2,建筑,20400.0
2009-11-26,SZE_002163,4.5035348888,13.8,0.0,8143.2,建筑,20400.0
2009-11-27,SZE_002163,4.4447931294,13.62,0.0,8143.2,建筑,20400.0
2009-11-30,SZE_002163,4.6862870292,14.36,0.0,8143.2,建筑,20400.0
2009-12-01,SZE_002163,4.8233511345,14.78,0.0,8143.2,建筑,20400.0
2009-12-02,SZE_002163,5.0452644479,15.46,0.0,8143.2,建筑,20400.0
2009-12-03,SZE_002163,5.0061032749,15.34,0.0,8143.2,建筑,20400.0
2009-12-04,SZE_002163,4.9114637736,15.05,0.0,8143.2,建筑,20400.0
2009-12-07,SZE_002163,4.9343077912,15.12,0.0,8143.2,建筑,20400.0
2009-12-08,SZE_002163,4.8918831872,14.99,0.0,8143.2,建筑,20400.0
2009-12-09,SZE_002163,4.7091310468,14.43,0.0,8143.2,建筑,20400.0
2009-12-10,SZE_002163,4.8690391696,14.92,0.0,8143.2,建筑,20400.0
2009-12-11,SZE_002163,4.7907168237,14.68,0.0,8143.2,建筑,20400.0
2009-12-15,SZE_002163,4.8364048588,14.82,0.0,8143.2,建筑,20400.0
2009-12-16,SZE_002163,4.637335563,14.21,0.0,8143.2,建筑,20400.0
2009-12-17,SZE_002163,4.4611102848,13.67,0.0,8143.2,建筑,20400.0
2009-12-18,SZE_002163,4.5198520442,13.85,0.0,8143.2,建筑,20400.0
2009-12-21,SZE_002163,4.5492229239,13.94,0.0,8143.2,建筑,20400.0
2009-12-22,SZE_002163,4.4872177334,13.75,0.0,8143.2,建筑,20400.0
2009-12-23,SZE_002163,4.6275452698,14.18,0.0,8143.2,建筑,20400.0
2009-12-24,SZE_002163,4.676496736,14.33,0.0,8143.2,建筑,20400.0
2009-12-25,SZE_002163,4.7972436859,14.7,0.0,8143.2,建筑,20400.0
2009-12-28,SZE_002163,4.8266145656,14.79,0.0,8143.2,建筑,20400.0
2009-12-29,SZE_002163,4.7319750643,14.5,0.0,8143.2,建筑,20400.0
2009-12-30,SZE_002163,4.6536527184,14.26,0.0,8143.2,建筑,20400.0
2009-12-31,SZE_002163,4.7091310468,14.43,0.0,8359.8,建筑,20400.0
2010-01-04,SZE_002163,4.8102974102,14.74,0.0,8359.8,建筑,20400.0
2010-01-05,SZE_002163,4.8494585831,14.86,0.0,8359.8,建筑,20400.0
2010-01-06,SZE_002163,4.8396682899,14.83,0.0,8359.8,建筑,20400.0
2010-01-07,SZE_002163,4.7091310468,14.43,0.0,8359.8,建筑,20400.0
2010-01-08,SZE_002163,4.8625123075,14.9,0.0,8359.8,建筑,20400.0
2010-01-11,SZE_002163,4.8723026007,14.93,0.0,8359.8,建筑,20400.0
2010-01-12,SZE_002163,5.0811621897,15.57,0.0,8359.8,建筑,20400.0
2010-01-13,SZE_002163,5.590257438,17.13,0.0,8359.8,建筑,20400.0
2010-01-14,SZE_002163,5.753428992,17.63,0.0,8359.8,建筑,20400.0
2010-01-15,SZE_002163,5.6424723353,17.29,0.0,8359.8,建筑,20400.0
2010-01-18,SZE_002163,5.7762730095,17.7,0.0,8359.8,建筑,20400.0
2010-01-19,SZE_002163,5.6196283177,17.22,0.0,8359.8,建筑,20400.0
2010-01-20,SZE_002163,5.1562211046,15.8,0.0,8359.8,建筑,20400.0
2010-01-21,SZE_002163,5.2019091397,15.94,0.0,8359.8,建筑,20400.0
2010-01-22,SZE_002163,4.924517498,15.09,0.0,8359.8,建筑,20400.0
2010-01-25,SZE_002163,5.009366706,15.35,0.0,8359.8,建筑,20400.0
2010-01-26,SZE_002163,4.8461951521,14.85,0.0,8359.8,建筑,20400.0
2010-01-27,SZE_002163,4.8625123075,14.9,0.0,8359.8,建筑,20400.0
2010-01-28,SZE_002163,5.0322107236,15.42,0.0,8359.8,建筑,20400.0
2010-01-29,SZE_002163,5.0387375857,15.44,0.0,8359.8,建筑,20400.0
2010-02-01,SZE_002163,5.0648450343,15.52,0.0,8359.8,建筑,20400.0
2010-02-02,SZE_002163,4.7156579089,14.45,0.0,8359.8,建筑,20400.0
2010-02-03,SZE_002163,4.5981743901,14.09,0.0,8359.8,建筑,20400.0
2010-02-04,SZE_002163,4.6862870292,14.36,0.0,8359.8,建筑,20400.0
2010-02-05,SZE_002163,4.5753303725,14.02,0.0,8359.8,建筑,20400.0
2010-02-08,SZE_002163,4.5067983199,13.81,0.0,8359.8,建筑,20400.0
2010-02-09,SZE_002163,4.4872177334,13.75,0.0,8359.8,建筑,20400.0
2010-02-10,SZE_002163,4.5916475279,14.07,0.0,8359.8,建筑,20400.0
2010-02-11,SZE_002163,4.5720669414,14.01,0.0,8359.8,建筑,20400.0
2010-02-12,SZE_002163,4.6536527184,14.26,0.0,8359.8,建筑,20400.0
2010-02-22,SZE_002163,4.7221847711,14.47,0.0,8359.8,建筑,20400.0
2010-02-23,SZE_002163,4.676496736,14.33,0.0,8359.8,建筑,20400.0
2010-02-24,SZE_002163,4.9114637736,15.05,0.0,8359.8,建筑,20400.0
2010-02-25,SZE_002163,5.1072696384,15.65,0.0,8359.8,建筑,20400.0
2010-02-26,SZE_002163,5.0256838614,15.4,0.0,8359.8,建筑,20400.0
2010-03-02,SZE_002163,5.1235867938,15.7,0.0,8359.8,建筑,20400.0
2010-03-03,SZE_002163,5.2802314855,16.18,0.0,8359.8,建筑,20400.0
2010-03-04,SZE_002163,4.9832592574,15.27,0.0,8359.8,建筑,20400.0
2010-03-05,SZE_002163,4.9310443601,15.11,0.0,8359.8,建筑,20400.0
2010-03-08,SZE_002163,4.9440980844,15.15,0.0,8359.8,建筑,20400.0
2010-03-09,SZE_002163,4.966942102,15.22,0.0,8359.8,建筑,20400.0
2010-03-10,SZE_002163,4.9343077912,15.12,0.0,8359.8,建筑,20400.0
2010-03-11,SZE_002163,4.8788294629,14.95,0.0,8359.8,建筑,20400.0
2010-03-12,SZE_002163,4.7026041846,14.41,0.0,8359.8,建筑,20400.0
2010-03-15,SZE_002163,4.7156579089,14.45,0.0,8359.8,建筑,20400.0
2010-03-16,SZE_002163,4.7809265305,14.65,0.0,8359.8,建筑,20400.0
2010-03-17,SZE_002163,5.0028398438,15.33,0.0,8359.8,建筑,20400.0
2010-03-18,SZE_002163,4.9832592574,15.27,0.0,8359.8,建筑,20400.0
2010-03-19,SZE_002163,5.0778987587,15.56,0.0,8359.8,建筑,20400.0
2010-03-22,SZE_002163,5.1235867938,15.7,0.0,8359.8,建筑,20400.0
2010-03-23,SZE_002163,5.0158935682,15.37,0.0,8359.8,建筑,20400.0
2010-03-24,SZE_002163,5.0224204303,15.39,0.0,8359.8,建筑,20400.0
2010-03-25,SZE_002163,5.1888554153,15.9,0.0,8359.8,建筑,20400.0
2010-03-26,SZE_002163,5.2508606058,16.09,0.0,8359.8,建筑,20400.0
2010-03-29,SZE_002163,5.423822453,16.62,0.0,8359.8,建筑,20400.0
2010-03-30,SZE_002163,5.6131014556,17.2,0.0,8359.8,建筑,20400.0
2010-03-31,SZE_002163,5.5608865583,17.04,0.0,8359.8,建筑,20400.0
2010-04-01,SZE_002163,5.7305849744,17.56,0.0,8359.8,建筑,20400.0
2010-04-02,SZE_002163,5.7403752677,17.59,0.0,8359.8,建筑,20400.0
2010-04-06,SZE_002163,5.6783700772,17.4,0.0,8359.8,建筑,20400.0
2010-04-07,SZE_002163,5.9688154432,18.29,0.0,8359.8,建筑,20400.0
2010-04-08,SZE_002163,5.8839662351,18.03,0.0,8359.8,建筑,20400.0
2010-04-09,SZE_002163,5.8382782,17.89,0.0,8359.8,建筑,20400.0
2010-04-12,SZE_002163,5.9133371148,18.12,0.0,8359.8,建筑,20400.0
2010-04-13,SZE_002163,5.753428992,17.63,0.0,8359.8,建筑,20400.0
2010-04-14,SZE_002163,5.7795364406,17.71,0.0,8359.8,建筑,20400.0
2010-04-15,SZE_002163,5.8741759419,18.0,0.0,8359.8,建筑,20400.0
2010-04-16,SZE_002163,6.0830355309,18.64,0.0,8359.8,建筑,20400.0
2010-04-19,SZE_002163,5.7762730095,17.7,0.0,8359.8,建筑,20400.0
2010-04-20,SZE_002163,6.1156698417,18.74,0.0,8359.8,建筑,20400.0
2010-04-21,SZE_002163,6.5594964684,20.1,0.0,8380.6,建筑,26785.0
2010-04-22,SZE_002163,6.8075172304,20.86,0.0,8380.6,建筑,26785.0
2010-04-23,SZE_002163,6.8107806615,20.87,0.0,8380.6,建筑,26785.0
2010-04-26,SZE_002163,6.8532052655,21.0,0.0,8380.6,建筑,26785.0
2010-04-27,SZE_002163,6.6573994008,20.4,0.0,8380.6,建筑,26785.0
2010-04-28,SZE_002163,6.667189694,20.43,0.0,8380.6,建筑,26785.0
2010-04-29,SZE_002163,6.4877009847,19.88,0.0,8380.6,建筑,26785.0
2010-04-30,SZE_002163,6.2657876714,19.2,0.0,8380.6,建筑,26785.0
2010-05-04,SZE_002163,6.3082122754,19.33,0.0,8380.6,建筑,26785.0
2010-05-05,SZE_002163,6.5692867617,20.13,0.0,8380.6,建筑,26785.0
2010-05-07,SZE_002163,6.4681203982,19.82,0.0,8380.6,建筑,26785.0
2010-05-10,SZE_002163,6.2005190498,19.0,0.0,8380.6,建筑,26785.0
2010-05-11,SZE_002163,5.6457357664,17.3,0.0,8380.6,建筑,26785.0
2010-05-13,SZE_002163,5.9068102527,18.1,0.0,8380.6,建筑,26785.0
2010-05-14,SZE_002163,6.1058795485,18.71,0.0,8380.6,建筑,26785.0
2010-05-17,SZE_002163,5.8415416311,17.9,0.0,8380.6,建筑,26785.0
2010-05-18,SZE_002163,5.8317513379,17.87,0.0,8380.6,建筑,26785.0
2010-05-19,SZE_002163,5.7175312501,17.52,0.0,8380.6,建筑,26785.0
2010-05-20,SZE_002163,5.6617344469,11.5,0.0,12570.9,建筑,40177.5
2010-05-21,SZE_002163,5.8094318672,11.8,0.0,12570.9,建筑,40177.5
2010-05-24,SZE_002163,6.0555942345,12.3,0.0,12570.9,建筑,40177.5
2010-05-25,SZE_002163,6.0555942345,12.3,0.0,12570.9,建筑,40177.5
2010-05-26,SZE_002163,6.0162082557,12.22,0.0,12570.9,建筑,40177.5
2010-05-27,SZE_002163,6.134366192,12.46,0.0,12570.9,建筑,40177.5
2010-05-28,SZE_002163,6.2229846442,12.64,0.0,12570.9,建筑,40177.5
2010-05-31,SZE_002163,6.0605174818,12.31,0.0,12570.9,建筑,40177.5
2010-06-01,SZE_002163,5.9571292876,12.1,0.0,12570.9,建筑,40177.5
2010-06-02,SZE_002163,6.0014385137,12.19,0.0,12570.9,建筑,40177.5
2010-06-03,SZE_002163,5.7405064044,11.66,0.0,12570.9,建筑,40177.5
2010-06-07,SZE_002163,5.7601993938,11.7,0.0,12570.9,建筑,40177.5
2010-06-08,SZE_002163,6.149135934,12.49,0.0,12570.9,建筑,40177.5
2010-06-09,SZE_002163,6.2574473756,12.71,0.0,12570.9,建筑,40177.5
2010-06-10,SZE_002163,6.4445307747,13.09,0.0,12570.9,建筑,40177.5
2010-06-11,SZE_002163,6.3952983013,12.99,0.0,12570.9,建筑,40177.5
2010-06-17,SZE_002163,6.419914538,13.04,0.0,12570.9,建筑,40177.5
2010-06-18,SZE_002163,6.0555942345,12.3,0.0,12570.9,建筑,40177.5
2010-06-21,SZE_002163,6.4248377854,13.05,0.0,12570.9,建筑,40177.5
2010-06-22,SZE_002163,6.6020746898,13.41,0.0,12570.9,建筑,40177.5
2010-06-23,SZE_002163,6.6266909265,13.46,0.0,12570.9,建筑,40177.5
2010-06-24,SZE_002163,6.5725352057,13.35,0.0,12570.9,建筑,40177.5
2010-06-28,SZE_002163,6.2722171177,12.74,0.0,12570.9,建筑,40177.5
2010-06-29,SZE_002163,6.1245196973,12.44,0.0,12570.9,建筑,40177.5
2010-06-30,SZE_002163,6.1294429446,12.45,0.0,12258.9,建筑,40177.5
2010-07-01,SZE_002163,6.0555942345,12.3,0.0,12258.9,建筑,40177.5
2010-07-02,SZE_002163,5.8586643407,11.9,0.0,12258.9,建筑,40177.5
2010-07-05,SZE_002163,5.7848156305,11.75,0.0,12258.9,建筑,40177.5
2010-07-06,SZE_002163,6.1245196973,12.44,0.0,12258.9,建筑,40177.5
2010-07-07,SZE_002163,6.4002215486,13.0,0.0,12258.9,建筑,40177.5
2010-07-08,SZE_002163,6.3460658278,12.89,0.0,12258.9,建筑,40177.5
2010-07-09,SZE_002163,6.5036097429,13.21,0.0,12258.9,建筑,40177.5
2010-07-12,SZE_002163,6.6316141738,13.47,0.0,12258.9,建筑,40177.5
2010-07-13,SZE_002163,6.5774584531,13.36,0.0,12258.9,建筑,40177.5
2010-07-14,SZE_002163,6.6316141738,13.47,0.0,12258.9,建筑,40177.5
2010-07-15,SZE_002163,6.3411425805,12.88,0.0,12258.9,建筑,40177.5
2010-07-16,SZE_002163,6.277140365,12.75,0.0,12258.9,建筑,40177.5
2010-07-19,SZE_002163,6.3312960858,12.86,0.0,12258.9,建筑,40177.5
2010-07-20,SZE_002163,6.6217676792,13.45,0.0,12258.9,建筑,40177.5
2010-07-21,SZE_002163,6.9959344774,14.21,0.0,12258.9,建筑,40177.5
2010-07-22,SZE_002163,7.0205507141,14.26,0.0,12258.9,建筑,40177.5
2010-07-23,SZE_002163,6.8777765411,13.97,0.0,12258.9,建筑,40177.5
2010-07-26,SZE_002163,7.1879411238,14.6,0.0,12258.9,建筑,40177.5
2010-07-27,SZE_002163,7.1830178765,14.59,0.0,12258.9,建筑,40177.5
2010-07-28,SZE_002163,7.2814828234,14.79,0.0,12258.9,建筑,40177.5
2010-07-29,SZE_002163,7.1780946292,14.58,0.0,12258.9,建筑,40177.5
2010-07-30,SZE_002163,7.1977876185,14.62,0.0,12258.9,建筑,40177.5
2010-08-02,SZE_002163,7.3257920495,14.88,0.0,12258.9,建筑,40177.5
2010-08-03,SZE_002163,7.0697831876,14.36,0.0,12258.9,建筑,40177.5
2010-08-04,SZE_002163,7.2568665867,14.74,0.0,12258.9,建筑,40177.5
2010-08-05,SZE_002163,7.4734894699,15.18,0.0,12258.9,建筑,40177.5
2010-08-06,SZE_002163,7.8919654942,16.03,0.0,12258.9,建筑,40177.5
2010-08-09,SZE_002163,8.0150466778,16.28,0.0,12258.9,建筑,40177.5
2010-08-10,SZE_002163,7.8575027628,15.96,0.0,12258.9,建筑,40177.5
2010-08-11,SZE_002163,7.9559677097,16.16,0.0,12258.9,建筑,40177.5
2010-08-12,SZE_002163,7.6851891057,15.61,0.0,12258.9,建筑,40177.5
2010-08-16,SZE_002163,7.9707374517,16.19,0.0,12258.9,建筑,40177.5
2010-08-17,SZE_002163,7.9756606991,16.2,0.0,12258.9,建筑,40177.5
2010-08-18,SZE_002163,8.0052001831,16.26,0.0,12258.9,建筑,40177.5
2010-08-19,SZE_002163,8.2809020345,16.82,0.0,12258.9,建筑,40177.5
2010-08-20,SZE_002163,7.9264282256,16.1,0.0,12258.9,建筑,40177.5
2010-08-23,SZE_002163,7.8673492575,15.98,0.0,12258.9,建筑,40177.5
2010-08-24,SZE_002163,8.2710555398,16.8,0.0,12258.9,建筑,40177.5
2010-08-25,SZE_002163,8.10366513,16.46,0.0,12258.9,建筑,40177.5
2010-08-26,SZE_002163,8.0495094092,16.35,0.0,12258.9,建筑,40177.5
2010-08-27,SZE_002163,8.1479743561,16.55,0.0,12258.9,建筑,40177.5
2010-08-30,SZE_002163,8.4236762075,17.11,0.0,12258.9,建筑,40177.5
2010-08-31,SZE_002163,8.3695204867,17.0,0.0,12258.9,建筑,40177.5
2010-09-01,SZE_002163,8.1233581194,16.5,0.0,14394.5,建筑,40177.5
2010-09-02,SZE_002163,8.2119765716,16.68,0.0,14394.5,建筑,40177.5
2010-09-03,SZE_002163,8.3793669814,17.02,0.0,14394.5,建筑,40177.5
2010-09-06,SZE_002163,7.9264282256,16.1,0.0,14394.5,建筑,40177.5
2010-09-07,SZE_002163,7.946121215,16.14,0.0,14394.5,建筑,40177.5
2010-09-08,SZE_002163,8.1381278615,16.53,0.0,14394.5,建筑,40177.5
2010-09-09,SZE_002163,7.9411979676,16.13,0.0,14394.5,建筑,40177.5
2010-09-10,SZE_002163,8.0150466778,16.28,0.0,14394.5,建筑,40177.5
2010-09-13,SZE_002163,8.1184348721,16.49,0.0,14394.5,建筑,40177.5
2010-09-14,SZE_002163,8.5959898645,17.46,0.0,14394.5,建筑,40177.5
2010-09-15,SZE_002163,8.3153647659,16.89,0.0,14394.5,建筑,40177.5
2010-09-16,SZE_002163,8.246439303,16.75,0.0,14394.5,建筑,40177.5
2010-09-17,SZE_002163,8.1135116247,16.48,0.0,14394.5,建筑,40177.5
2010-09-21,SZE_002163,7.7196518371,15.68,0.0,14394.5,建筑,40177.5
2010-09-27,SZE_002163,7.8131935367,15.87,0.0,14394.5,建筑,40177.5
2010-09-28,SZE_002163,7.8476562681,15.94,0.0,14394.5,建筑,40177.5
2010-09-29,SZE_002163,7.675342611,15.59,0.0,14394.5,建筑,40177.5
2010-09-30,SZE_002163,7.7344215792,15.71,0.0,14394.5,建筑,40177.5
2010-10-08,SZE_002163,7.9116584836,16.07,0.0,14394.5,建筑,40177.5
2010-10-11,SZE_002163,7.7294983318,15.7,0.0,14394.5,建筑,40177.5
2010-10-12,SZE_002163,7.5818009115,15.4,0.0,14394.5,建筑,40177.5
2010-10-13,SZE_002163,7.6704193637,15.58,0.0,14394.5,建筑,40177.5
2010-10-14,SZE_002163,7.3848710177,15.0,0.0,14394.5,建筑,40177.5
2010-10-15,SZE_002163,7.2076341132,14.64,0.0,14394.5,建筑,40177.5
2010-10-18,SZE_002163,6.8974695305,14.01,0.0,14394.5,建筑,40177.5
2010-10-19,SZE_002163,7.2076341132,14.64,0.0,14394.5,建筑,40177.5
2010-10-20,SZE_002163,7.0993226716,14.42,0.0,14394.5,建筑,40177.5
2010-10-21,SZE_002163,7.2568665867,14.74,0.0,14394.5,建筑,40177.5
2010-10-22,SZE_002163,7.3356385442,14.9,0.0,14394.5,建筑,40177.5
2010-10-25,SZE_002163,7.4784127172,15.19,0.0,14394.5,建筑,40177.5
2010-10-26,SZE_002163,7.4931824592,15.22,0.0,14394.5,建筑,40177.5
2010-10-27,SZE_002163,7.5965706535,15.43,0.0,14394.5,建筑,40177.5
2010-10-28,SZE_002163,7.6950356004,15.63,0.0,14394.5,建筑,40177.5
2010-10-29,SZE_002163,8.2710555398,16.8,0.0,14394.5,建筑,40177.5
2010-11-01,SZE_002163,8.3842902287,17.03,0.0,14394.5,建筑,40177.5
2010-11-02,SZE_002163,8.5467573911,17.36,0.0,14394.5,建筑,40177.5
2010-11-03,SZE_002163,8.2218230663,16.7,0.0,14394.5,建筑,40177.5
2010-11-04,SZE_002163,8.4630621862,17.19,0.0,14394.5,建筑,40177.5
2010-11-05,SZE_002163,8.6649153274,17.6,0.0,14394.5,建筑,40177.5
2010-11-08,SZE_002163,8.7387640376,17.75,0.0,14394.5,建筑,40177.5
2010-11-09,SZE_002163,8.6402990907,17.55,0.0,14394.5,建筑,40177.5
2010-11-10,SZE_002163,9.5067906234,19.31,0.0,14394.5,建筑,40177.5
2010-11-11,SZE_002163,9.5166371181,19.33,0.0,14394.5,建筑,40177.5
2010-11-12,SZE_002163,8.5664503805,17.4,0.0,14394.5,建筑,40177.5
2010-11-15,SZE_002163,8.5713736278,17.41,0.0,14394.5,建筑,40177.5
2010-11-16,SZE_002163,8.5762968752,17.42,0.0,14394.5,建筑,40177.5
2010-11-17,SZE_002163,7.8771957522,16.0,0.0,14394.5,建筑,40177.5
2010-11-19,SZE_002163,8.5812201225,17.43,0.0,14394.5,建筑,40177.5
2010-11-22,SZE_002163,9.058775115,18.4,0.0,14394.5,建筑,40177.5
2010-11-23,SZE_002163,8.9996961468,18.28,0.0,14394.5,建筑,40177.5
2010-11-24,SZE_002163,9.1129308358,18.51,0.0,14394.5,建筑,40177.5
2010-11-25,SZE_002163,9.1227773305,18.53,0.0,14394.5,建筑,40177.5
2010-11-26,SZE_002163,8.8372289845,17.95,0.0,14394.5,建筑,40177.5
2010-11-29,SZE_002163,9.186779546,18.66,0.0,14394.5,建筑,40177.5
2010-11-30,SZE_002163,8.7387640376,17.75,0.0,14394.5,建筑,40177.5
2010-12-01,SZE_002163,8.773226769,17.82,0.0,14394.5,建筑,40177.5
2010-12-02,SZE_002163,8.8569219738,17.99,0.0,14394.5,建筑,40177.5
2010-12-03,SZE_002163,9.1030843411,18.49,0.0,14394.5,建筑,40177.5
2010-12-06,SZE_002163,8.8126127477,17.9,0.0,14394.5,建筑,40177.5
2010-12-07,SZE_002163,8.7387640376,17.75,0.0,14394.5,建筑,40177.5
2010-12-08,SZE_002163,8.7633802743,17.8,0.0,14394.5,建筑,40177.5
2010-12-09,SZE_002163,8.3990599707,17.06,0.0,14394.5,建筑,40177.5
2010-12-10,SZE_002163,8.5566038858,17.38,0.0,14394.5,建筑,40177.5
2010-12-13,SZE_002163,8.8913847053,18.06,0.0,14394.5,建筑,40177.5
2010-12-14,SZE_002163,9.1375470725,18.56,0.0,14394.5,建筑,40177.5
2010-12-15,SZE_002163,9.1818562986,18.65,0.0,14394.5,建筑,40177.5
2010-12-16,SZE_002163,9.058775115,18.4,0.0,14394.5,建筑,40177.5
2010-12-17,SZE_002163,9.1277005778,18.54,0.0,14394.5,建筑,40177.5
2010-12-20,SZE_002163,8.8076895004,17.89,0.0,14394.5,建筑,40177.5
2010-12-21,SZE_002163,8.8519987265,17.98,0.0,14394.5,建筑,40177.5
2010-12-22,SZE_002163,8.7584570269,17.79,0.0,14394.5,建筑,40177.5
2010-12-23,SZE_002163,8.517217907,17.3,0.0,14394.5,建筑,40177.5
2010-12-24,SZE_002163,8.3202880132,16.9,0.0,14394.5,建筑,40177.5
2010-12-27,SZE_002163,8.0790488933,16.41,0.0,14394.5,建筑,40177.5
2010-12-28,SZE_002163,7.8870422469,16.02,0.0,14394.5,建筑,40177.5
2010-12-29,SZE_002163,8.0445861619,16.34,0.0,14394.5,建筑,40177.5
2010-12-30,SZE_002163,8.0593559039,16.37,0.0,14394.5,建筑,40177.5
2010-12-31,SZE_002163,8.3399810026,16.94,0.0,14823.9,建筑,40177.5
2011-01-04,SZE_002163,8.4482924442,17.16,0.0,14823.9,建筑,40177.5
2011-01-05,SZE_002163,8.5073714123,17.28,0.0,14823.9,建筑,40177.5
2011-01-06,SZE_002163,8.6402990907,17.55,0.0,14823.9,建筑,40177.5
2011-01-07,SZE_002163,8.4285994548,17.12,0.0,14823.9,建筑,40177.5
2011-01-10,SZE_002163,8.216899819,16.69,0.0,14823.9,建筑,40177.5
2011-01-11,SZE_002163,8.0938186353,16.44,0.0,14823.9,建筑,40177.5
2011-01-12,SZE_002163,8.6156828539,17.5,0.0,14823.9,建筑,40177.5
2011-01-13,SZE_002163,8.6255293486,17.52,0.0,14823.9,建筑,40177.5
2011-01-14,SZE_002163,8.7141478008,17.7,0.0,14823.9,建筑,40177.5
2011-01-17,SZE_002163,8.1824370876,16.62,0.0,14823.9,建筑,40177.5
2011-01-18,SZE_002163,8.3301345079,16.92,0.0,14823.9,建筑,40177.5
2011-01-19,SZE_002163,8.7633802743,17.8,0.0,14823.9,建筑,40177.5
2011-01-20,SZE_002163,8.9652334154,18.21,0.0,14823.9,建筑,40177.5
2011-01-21,SZE_002163,8.65999208,17.59,0.0,14823.9,建筑,40177.5
2011-01-24,SZE_002163,8.1578208508,16.57,0.0,14823.9,建筑,40177.5
2011-01-25,SZE_002163,7.9411979676,16.13,0.0,14823.9,建筑,40177.5
2011-01-26,SZE_002163,8.0002769358,16.25,0.0,14823.9,建筑,40177.5
2011-01-27,SZE_002163,8.0938186353,16.44,0.0,14823.9,建筑,40177.5
2011-01-28,SZE_002163,8.0790488933,16.41,0.0,14823.9,建筑,40177.5
2011-01-31,SZE_002163,8.2218230663,16.7,0.0,14823.9,建筑,40177.5
2011-02-01,SZE_002163,8.6944548114,17.66,0.0,14823.9,建筑,40177.5
2011-02-09,SZE_002163,8.3153647659,16.89,0.0,14823.9,建筑,40177.5
2011-02-10,SZE_002163,8.5861433699,17.44,0.0,14823.9,建筑,40177.5
2011-02-11,SZE_002163,8.5959898645,17.46,0.0,14823.9,建筑,40177.5
2011-02-14,SZE_002163,8.6895315641,17.65,0.0,14823.9,建筑,40177.5
2011-02-15,SZE_002163,8.8126127477,17.9,0.0,14823.9,建筑,40177.5
2011-02-16,SZE_002163,8.9504636734,18.18,0.0,14823.9,建筑,40177.5
2011-02-17,SZE_002163,9.1030843411,18.49,0.0,14823.9,建筑,40177.5
2011-02-18,SZE_002163,9.6052555703,19.51,0.0,14823.9,建筑,40177.5
2011-02-21,SZE_002163,9.9400363898,20.19,0.0,14823.9,建筑,40177.5
2011-02-22,SZE_002163,9.5264836128,19.35,0.0,14823.9,建筑,40177.5
2011-02-23,SZE_002163,9.6003323229,19.5,0.0,14823.9,建筑,40177.5
2011-02-24,SZE_002163,9.7184902592,19.74,0.0,14823.9,建筑,40177.5
2011-03-04,SZE_002163,9.3098607296,18.91,0.0,14823.9,建筑,40177.5
2011-03-07,SZE_002163,9.2064725353,18.7,0.0,14823.9,建筑,40177.5
2011-03-08,SZE_002163,9.3787861924,19.05,0.0,14823.9,建筑,40177.5
2011-03-09,SZE_002163,9.3738629451,19.04,0.0,14823.9,建筑,40177.5
2011-03-10,SZE_002163,9.3344769663,18.96,0.0,14823.9,建筑,40177.5
2011-03-11,SZE_002163,9.1375470725,18.56,0.0,14823.9,建筑,40177.5
2011-03-14,SZE_002163,9.1966260406,18.68,0.0,14823.9,建筑,40177.5
2011-03-15,SZE_002163,9.344323461,18.98,0.0,14823.9,建筑,40177.5
2011-03-16,SZE_002163,9.4772511393,19.25,0.0,14823.9,建筑,40177.5
2011-03-17,SZE_002163,9.472327892,19.24,0.0,14823.9,建筑,40177.5
2011-03-18,SZE_002163,9.5510998495,19.4,0.0,14823.9,建筑,40177.5
2011-03-21,SZE_002163,9.0981610937,18.48,0.0,14823.9,建筑,40177.5
2011-03-22,SZE_002163,9.0046193942,18.29,0.0,14823.9,建筑,40177.5
2011-03-23,SZE_002163,9.0538518676,18.39,0.0,14823.9,建筑,40177.5
2011-03-24,SZE_002163,9.073544857,18.43,0.0,14823.9,建筑,40177.5
2011-03-25,SZE_002163,9.0686216097,18.42,0.0,14823.9,建筑,40177.5
2011-03-28,SZE_002163,9.1326238252,18.55,0.0,14823.9,建筑,40177.5
2011-03-29,SZE_002163,9.4378651606,19.17,0.0,14823.9,建筑,40177.5
2011-03-30,SZE_002163,9.4427884079,19.18,0.0,14823.9,建筑,40177.5
2011-03-31,SZE_002163,9.1769330513,18.64,0.0,14823.9,建筑,40177.5
2011-04-01,SZE_002163,9.3541699557,19.0,0.0,14823.9,建筑,40177.5
2011-04-06,SZE_002163,9.186779546,18.66,0.0,14823.9,建筑,40177.5
2011-04-07,SZE_002163,8.9553869207,18.19,0.0,14823.9,建筑,40177.5
2011-04-08,SZE_002163,9.0243123836,18.33,0.0,14823.9,建筑,40177.5
2011-04-11,SZE_002163,9.1326238252,18.55,0.0,14823.9,建筑,40177.5
2011-04-12,SZE_002163,9.058775115,18.4,0.0,14823.9,建筑,40177.5
2011-04-13,SZE_002163,9.1178540831,18.52,0.0,14823.9,建筑,40177.5
2011-04-14,SZE_002163,9.1966260406,18.68,0.0,14823.9,建筑,40177.5
2011-04-15,SZE_002163,9.0341588783,18.35,0.0,14823.9,建筑,40177.5
2011-04-18,SZE_002163,8.9750799101,18.23,0.0,14823.9,建筑,40177.5
2011-04-19,SZE_002163,8.9849264048,18.25,0.0,14823.9,建筑,40177.5
2011-04-21,SZE_002163,9.77264598,19.85,0.0,20553.2,建筑,40177.5
2011-04-22,SZE_002163,9.6889507752,19.68,0.0,20553.2,建筑,40177.5
2011-04-25,SZE_002163,9.4772511393,19.25,0.0,20553.2,建筑,40177.5
2011-04-26,SZE_002163,9.058775115,18.4,0.0,20553.2,建筑,40177.5
2011-04-27,SZE_002163,9.0095426415,18.3,0.0,20553.2,建筑,40177.5
2011-04-28,SZE_002163,8.6846083168,17.64,0.0,20553.2,建筑,40177.5
2011-04-29,SZE_002163,9.0833913517,18.45,0.0,20553.2,建筑,40177.5
2011-05-03,SZE_002163,9.2852444929,18.86,0.0,20553.2,建筑,40177.5
2011-05-04,SZE_002163,9.0784681044,18.44,0.0,20553.2,建筑,40177.5
2011-05-05,SZE_002163,9.359093203,19.01,0.0,20553.2,建筑,40177.5
2011-05-06,SZE_002163,9.4329419132,19.16,0.0,20553.2,建筑,40177.5
2011-05-09,SZE_002163,9.3492467083,18.99,0.0,20553.2,建筑,40177.5
2011-05-10,SZE_002163,9.5510998495,19.4,0.0,20553.2,建筑,40177.5
2011-05-11,SZE_002163,9.6249485597,19.55,0.0,20553.2,建筑,40177.5
2011-05-12,SZE_002163,9.1053497942,9.2,0.0,41106.3,建筑,80355.0
2011-05-13,SZE_002163,9.1251440329,9.22,0.0,41106.3,建筑,80355.0
2011-05-16,SZE_002163,8.86781893,8.96,0.0,41106.3,建筑,80355.0
2011-05-17,SZE_002163,8.8579218107,8.95,0.0,41106.3,建筑,80355.0
2011-05-18,SZE_002163,8.8579218107,8.95,0.0,41106.3,建筑,80355.0
2011-05-19,SZE_002163,8.6698765432,8.76,0.0,41106.3,建筑,80355.0
2011-05-20,SZE_002163,8.3333744856,8.42,0.0,41106.3,建筑,80355.0
2011-05-23,SZE_002163,8.0166666667,8.1,0.0,41106.3,建筑,80355.0
2011-05-24,SZE_002163,8.2443004115,8.33,0.0,41106.3,建筑,80355.0
2011-05-25,SZE_002163,7.96718107,8.05,0.0,41106.3,建筑,80355.0
2011-05-26,SZE_002163,7.7791358025,7.86,0.0,41106.3,建筑,80355.0
2011-05-27,SZE_002163,7.185308642,7.26,0.0,41106.3,建筑,80355.0
2011-05-30,SZE_002163,6.9477777778,7.02,0.0,41106.3,建筑,80355.0
2011-05-31,SZE_002163,7.0863374486,7.16,0.0,41106.3,建筑,80355.0
2011-06-01,SZE_002163,7.0962345679,7.17,0.0,41106.3,建筑,80355.0
2011-06-02,SZE_002163,7.4723251029,7.55,0.0,41106.3,建筑,80355.0
2011-06-07,SZE_002163,7.8286213992,7.91,0.0,41106.3,建筑,80355.0
2011-06-08,SZE_002163,7.8088271605,7.89,0.0,41106.3,建筑,80355.0
2011-06-09,SZE_002163,7.6603703704,7.74,0.0,41106.3,建筑,80355.0
2011-06-10,SZE_002163,7.8088271605,7.89,0.0,41106.3,建筑,80355.0
2011-06-13,SZE_002163,8.0958436214,8.18,0.0,41106.3,建筑,80355.0
2011-06-14,SZE_002163,8.0364609053,8.12,0.0,41106.3,建筑,80355.0
2011-06-15,SZE_002163,7.8187242798,7.9,0.0,41106.3,建筑,80355.0
2011-06-16,SZE_002163,7.5020164609,7.58,0.0,41106.3,建筑,80355.0
2011-06-17,SZE_002163,7.4228395062,7.5,0.0,41106.3,建筑,80355.0
2011-06-20,SZE_002163,7.3238683128,7.4,0.0,41106.3,建筑,80355.0
2011-06-21,SZE_002163,7.3535596708,7.43,0.0,41106.3,建筑,80355.0
2011-06-22,SZE_002163,7.3436625514,7.42,0.0,41106.3,建筑,80355.0
2011-06-23,SZE_002163,7.620781893,7.7,0.0,41106.3,建筑,80355.0
2011-06-24,SZE_002163,7.8682098765,7.95,0.0,41106.3,建筑,80355.0
2011-06-27,SZE_002163,7.8682098765,7.95,0.0,41106.3,建筑,80355.0
2011-06-28,SZE_002163,7.9572839506,8.04,0.0,41106.3,建筑,80355.0
2011-06-29,SZE_002163,7.7494444444,7.83,0.0,41106.3,建筑,80355.0
2011-06-30,SZE_002163,7.7692386831,7.85,0.0,41106.3,建筑,80355.0
2011-07-01,SZE_002163,7.8187242798,7.9,0.0,41106.3,建筑,80355.0
2011-07-04,SZE_002163,8.1552263374,8.24,0.0,41106.3,建筑,80355.0
2011-07-05,SZE_002163,8.3927572016,8.48,0.0,41106.3,建筑,80355.0
2011-07-06,SZE_002163,9.1746296296,9.27,0.0,41106.3,建筑,80355.0
2011-07-07,SZE_002163,8.8777160494,8.97,0.0,41106.3,建筑,80355.0
2011-07-08,SZE_002163,8.8282304527,8.92,0.0,41106.3,建筑,80355.0
2011-07-11,SZE_002163,8.9766872428,9.07,0.0,41106.3,建筑,80355.0
2011-07-12,SZE_002163,8.9074074074,9.0,0.0,41106.3,建筑,80355.0
2011-07-13,SZE_002163,8.9964814815,9.09,0.0,41106.3,建筑,80355.0
2011-07-14,SZE_002163,9.0954526749,9.19,0.0,41106.3,建筑,80355.0
2011-07-15,SZE_002163,9.0756584362,9.17,0.0,41106.3,建筑,80355.0
2011-07-19,SZE_002163,8.7490534979,8.84,0.0,41106.3,建筑,80355.0
2011-07-20,SZE_002163,8.6896707819,8.78,0.0,41106.3,建筑,80355.0
2011-07-21,SZE_002163,8.5016255144,8.59,0.0,41106.3,建筑,80355.0
2011-07-22,SZE_002163,8.5610082305,8.65,0.0,41106.3,建筑,80355.0
2011-07-25,SZE_002163,8.0166666667,8.1,0.0,41106.3,建筑,80355.0
2011-07-26,SZE_002163,8.0760493827,8.16,0.0,41106.3,建筑,80355.0
2011-07-27,SZE_002163,8.1651234568,8.25,0.0,41106.3,建筑,80355.0
2011-07-28,SZE_002163,7.996872428,8.08,0.0,41106.3,建筑,80355.0
2011-07-29,SZE_002163,7.9869753086,8.07,0.0,41106.3,建筑,80355.0
2011-08-01,SZE_002163,8.1057407407,8.19,0.0,41106.3,建筑,80355.0
2011-08-02,SZE_002163,8.0760493827,8.16,0.0,41106.3,建筑,80355.0
2011-08-03,SZE_002163,8.0859465021,8.17,0.0,41106.3,建筑,80355.0
2011-08-04,SZE_002163,8.1552263374,8.24,0.0,41106.3,建筑,80355.0
2011-08-05,SZE_002163,7.9275925926,8.01,0.0,41106.3,建筑,80355.0
2011-08-08,SZE_002163,7.2248971193,7.3,0.0,41106.3,建筑,80355.0
2011-08-09,SZE_002163,7.2545884774,7.33,0.0,41106.3,建筑,80355.0
2011-08-10,SZE_002163,7.2941769547,7.37,0.0,41106.3,建筑,80355.0
2011-08-11,SZE_002163,7.4228395062,7.5,0.0,41106.3,建筑,80355.0
2011-08-12,SZE_002163,7.561399177,7.64,0.0,41106.3,建筑,80355.0
2011-08-15,SZE_002163,7.6702674897,7.75,0.0,41106.3,建筑,80355.0
2011-08-16,SZE_002163,7.620781893,7.7,0.0,41106.3,建筑,80355.0
2011-08-17,SZE_002163,7.5416049383,7.62,0.0,41106.3,建筑,80355.0
2011-08-18,SZE_002163,7.4228395062,7.5,0.0,41106.3,建筑,80355.0
2011-08-19,SZE_002163,7.2347942387,7.31,0.0,41106.3,建筑,80355.0
2011-08-22,SZE_002163,7.1952057613,7.27,0.0,41106.3,建筑,80355.0
2011-08-23,SZE_002163,7.3436625514,7.42,0.0,41106.3,建筑,80355.0
2011-08-24,SZE_002163,7.2842798354,7.36,0.0,41106.3,建筑,80355.0
2011-08-25,SZE_002163,7.5515020576,7.63,0.0,41106.3,建筑,80355.0
2011-08-26,SZE_002163,7.650473251,7.73,0.0,41106.3,建筑,80355.0
2011-08-29,SZE_002163,7.3535596708,7.43,0.0,41106.3,建筑,80355.0
2011-08-30,SZE_002163,7.2248971193,7.3,0.0,41106.3,建筑,80355.0
2011-08-31,SZE_002163,7.2248971193,7.3,0.0,41106.3,建筑,80355.0
2011-09-01,SZE_002163,7.0368518519,7.11,0.0,41106.3,建筑,80355.0
2011-09-02,SZE_002163,7.0071604938,7.08,0.0,41106.3,建筑,80355.0
2011-09-05,SZE_002163,6.7498353909,6.82,0.0,41106.3,建筑,80355.0
2011-09-06,SZE_002163,6.7498353909,6.82,0.0,41106.3,建筑,80355.0
2011-09-07,SZE_002163,6.8488065844,6.92,0.0,41106.3,建筑,80355.0
2011-09-09,SZE_002163,6.809218107,6.88,0.0,41106.3,建筑,80355.0
2011-09-13,SZE_002163,6.5419958848,6.61,0.0,41106.3,建筑,80355.0
2011-09-14,SZE_002163,6.5123045267,6.58,0.0,41106.3,建筑,80355.0
2011-09-15,SZE_002163,6.3836419753,6.45,0.0,41106.3,建筑,80355.0
2011-09-16,SZE_002163,6.2945679012,6.36,0.0,41106.3,建筑,80355.0
2011-09-19,SZE_002163,6.2054938272,6.27,0.0,41106.3,建筑,80355.0
2011-09-20,SZE_002163,6.2747736626,6.34,0.0,41106.3,建筑,80355.0
2011-09-21,SZE_002163,6.5320987654,6.6,0.0,41106.3,建筑,80355.0
2011-09-22,SZE_002163,6.2450823045,6.31,0.0,41106.3,建筑,80355.0
2011-09-23,SZE_002163,6.1164197531,6.18,0.0,41106.3,建筑,80355.0
2011-09-26,SZE_002163,5.997654321,6.06,0.0,41106.3,建筑,80355.0
2011-09-27,SZE_002163,6.0174485597,6.08,0.0,41106.3,建筑,80355.0
2011-09-28,SZE_002163,5.8788888889,5.94,0.0,41106.3,建筑,80355.0
2011-09-29,SZE_002163,5.6809465021,5.74,0.0,41106.3,建筑,80355.0
2011-09-30,SZE_002163,5.5126954733,5.57,0.0,41106.3,建筑,80355.0
2011-10-10,SZE_002163,5.4236213992,5.48,0.0,41106.3,建筑,80355.0
2011-10-11,SZE_002163,5.4731069959,5.53,0.0,41106.3,建筑,80355.0
2011-10-12,SZE_002163,6.0174485597,6.08,0.0,41106.3,建筑,80355.0
2011-10-13,SZE_002163,6.1659053498,6.23,0.0,41106.3,建筑,80355.0
2011-10-14,SZE_002163,6.0174485597,6.08,0.0,41106.3,建筑,80355.0
2011-10-17,SZE_002163,6.1362139918,6.2,0.0,41106.3,建筑,80355.0
2011-10-18,SZE_002163,5.8491975309,5.91,0.0,41106.3,建筑,80355.0
2011-10-19,SZE_002163,5.8689917695,5.93,0.0,41106.3,建筑,80355.0
2011-10-20,SZE_002163,5.621563786,5.68,0.0,41106.3,建筑,80355.0
2011-10-21,SZE_002163,5.6908436214,5.75,0.0,41106.3,建筑,80355.0
2011-10-24,SZE_002163,5.8689917695,5.93,0.0,41106.3,建筑,80355.0
2011-10-25,SZE_002163,6.1362139918,6.2,0.0,41106.3,建筑,80355.0
2011-10-26,SZE_002163,6.0768312757,6.14,0.0,41106.3,建筑,80355.0
2011-10-27,SZE_002163,6.0669341564,6.13,0.0,41106.3,建筑,80355.0
2011-10-28,SZE_002163,6.2846707819,6.35,0.0,41106.3,建筑,80355.0
2011-10-31,SZE_002163,6.2153909465,6.28,0.0,41106.3,建筑,80355.0
2011-11-01,SZE_002163,6.1856995885,6.25,0.0,41106.3,建筑,80355.0
2011-11-02,SZE_002163,6.3143621399,6.38,0.0,41106.3,建筑,80355.0
2011-11-03,SZE_002163,6.2549794239,6.32,0.0,41106.3,建筑,80355.0
2011-11-04,SZE_002163,6.3341563786,6.4,0.0,41106.3,建筑,80355.0
2011-11-07,SZE_002163,6.2747736626,6.34,0.0,41106.3,建筑,80355.0
2011-11-08,SZE_002163,6.1461111111,6.21,0.0,41106.3,建筑,80355.0
2011-11-09,SZE_002163,6.2747736626,6.34,0.0,41106.3,建筑,80355.0
2011-11-10,SZE_002163,6.0966255144,6.16,0.0,41106.3,建筑,80355.0
2011-11-11,SZE_002163,6.0372427984,6.1,0.0,41106.3,建筑,80355.0
2011-11-14,SZE_002163,6.2945679012,6.36,0.0,41106.3,建筑,80355.0
2011-11-15,SZE_002163,6.3044650206,6.37,0.0,41106.3,建筑,80355.0
2011-11-16,SZE_002163,6.0669341564,6.13,0.0,41106.3,建筑,80355.0
2011-11-17,SZE_002163,6.0174485597,6.08,0.0,41106.3,建筑,80355.0
2011-11-18,SZE_002163,5.7205349794,5.78,0.0,41106.3,建筑,80355.0
2011-11-21,SZE_002163,5.7799176955,5.84,0.0,41106.3,建筑,80355.0
2011-11-22,SZE_002163,5.7205349794,5.78,0.0,41106.3,建筑,80355.0
2011-11-23,SZE_002163,5.621563786,5.68,0.0,41106.3,建筑,80355.0
2011-11-24,SZE_002163,5.5720781893,5.63,0.0,41106.3,建筑,80355.0
2011-11-25,SZE_002163,5.4929012346,5.55,0.0,41106.3,建筑,80355.0
2011-11-28,SZE_002163,5.4731069959,5.53,0.0,41106.3,建筑,80355.0
2011-11-29,SZE_002163,5.6017695473,5.66,0.0,41106.3,建筑,80355.0
2011-11-30,SZE_002163,5.1959876543,5.25,0.0,41106.3,建筑,80355.0
2011-12-01,SZE_002163,5.3048559671,5.36,0.0,41106.3,建筑,80355.0
2011-12-02,SZE_002163,5.1465020576,5.2,0.0,41106.3,建筑,80355.0
2011-12-05,SZE_002163,4.9584567901,5.01,0.0,41106.3,建筑,80355.0
2011-12-06,SZE_002163,4.9782510288,5.03,0.0,41106.3,建筑,80355.0
2011-12-07,SZE_002163,4.9683539095,5.02,0.0,41106.3,建筑,80355.0
2011-12-08,SZE_002163,4.9782510288,5.03,0.0,41106.3,建筑,80355.0
2011-12-09,SZE_002163,4.9287654321,4.98,0.0,41106.3,建筑,80355.0
2011-12-12,SZE_002163,4.8891769547,4.94,0.0,41106.3,建筑,80355.0
2011-12-13,SZE_002163,4.6120576132,4.66,0.0,41106.3,建筑,80355.0
2011-12-14,SZE_002163,4.5031893004,4.55,0.0,41106.3,建筑,80355.0
2011-12-15,SZE_002163,4.3448353909,4.39,0.0,41106.3,建筑,80355.0
2011-12-16,SZE_002163,4.6318518519,4.68,0.0,41106.3,建筑,80355.0
2011-12-19,SZE_002163,4.7110288066,4.76,0.0,41106.3,建筑,80355.0
2011-12-20,SZE_002163,4.6219547325,4.67,0.0,41106.3,建筑,80355.0
2011-12-21,SZE_002163,4.4141152263,4.46,0.0,41106.3,建筑,80355.0
2011-12-22,SZE_002163,4.4438065844,4.49,0.0,41106.3,建筑,80355.0
2011-12-23,SZE_002163,4.5130864198,4.56,0.0,41106.3,建筑,80355.0
2011-12-26,SZE_002163,4.5625720165,4.61,0.0,41106.3,建筑,80355.0
2011-12-27,SZE_002163,4.4537037037,4.5,0.0,41106.3,建筑,80355.0
2011-12-28,SZE_002163,4.5526748971,4.6,0.0,41106.3,建筑,80355.0
2011-12-29,SZE_002163,4.5526748971,4.6,0.0,41106.3,建筑,80355.0
2011-12-30,SZE_002163,4.5625720165,4.61,0.0,41106.3,建筑,80355.0
2012-01-04,SZE_002163,4.3349382716,4.38,0.0,41315.2,建筑,80355.0
2012-01-05,SZE_002163,4.1369958848,4.18,0.0,41315.2,建筑,80355.0
2012-01-06,SZE_002163,4.1765843621,4.22,0.0,41315.2,建筑,80355.0
2012-01-09,SZE_002163,4.4240123457,4.47,0.0,41315.2,建筑,80355.0
2012-01-10,SZE_002163,4.6219547325,4.67,0.0,41315.2,建筑,80355.0
2012-01-11,SZE_002163,4.6615432099,4.71,0.0,41315.2,建筑,80355.0
2012-01-12,SZE_002163,4.6219547325,4.67,0.0,41315.2,建筑,80355.0
2012-01-13,SZE_002163,4.4141152263,4.46,0.0,41315.2,建筑,80355.0
2012-01-16,SZE_002163,4.2755555556,4.32,0.0,41315.2,建筑,80355.0
2012-01-17,SZE_002163,4.5526748971,4.6,0.0,41315.2,建筑,80355.0
2012-01-18,SZE_002163,4.463600823,4.51,0.0,41315.2,建筑,80355.0
2012-01-19,SZE_002163,4.4734979424,4.52,0.0,41315.2,建筑,80355.0
2012-01-20,SZE_002163,4.5130864198,4.56,0.0,41315.2,建筑,80355.0
2012-01-30,SZE_002163,4.4932921811,4.54,0.0,41315.2,建筑,80355.0
2012-01-31,SZE_002163,4.3349382716,4.38,0.0,41315.2,建筑,80355.0
2012-02-01,SZE_002163,4.2854526749,4.33,0.0,41315.2,建筑,80355.0
2012-02-02,SZE_002163,4.3448353909,4.39,0.0,41315.2,建筑,80355.0
2012-02-06,SZE_002163,4.780308642,4.83,0.0,41315.2,建筑,80355.0
2012-02-07,SZE_002163,4.8297942387,4.88,0.0,41315.2,建筑,80355.0
2012-02-08,SZE_002163,4.8792798354,4.93,0.0,41315.2,建筑,80355.0
2012-02-09,SZE_002163,5.0376337449,5.09,0.0,41315.2,建筑,80355.0
2012-02-10,SZE_002163,5.0277366255,5.08,0.0,41315.2,建筑,80355.0
2012-02-13,SZE_002163,5.1366049383,5.19,0.0,41315.2,建筑,80355.0
2012-02-14,SZE_002163,5.0970164609,5.15,0.0,41315.2,建筑,80355.0
2012-02-15,SZE_002163,5.1959876543,5.25,0.0,41315.2,建筑,80355.0
2012-02-16,SZE_002163,5.0772222222,5.13,0.0,41315.2,建筑,80355.0
2012-02-17,SZE_002163,5.0970164609,5.15,0.0,41315.2,建筑,80355.0
2012-02-20,SZE_002163,5.1069135802,5.16,0.0,41315.2,建筑,80355.0
2012-02-21,SZE_002163,5.2256790123,5.28,0.0,41315.2,建筑,80355.0
2012-02-22,SZE_002163,5.3147530864,5.37,0.0,41315.2,建筑,80355.0
2012-02-23,SZE_002163,5.3345473251,5.39,0.0,41315.2,建筑,80355.0
2012-02-24,SZE_002163,5.3246502058,5.38,0.0,41315.2,建筑,80355.0
2012-02-27,SZE_002163,5.2850617284,5.34,0.0,41315.2,建筑,80355.0
2012-02-28,SZE_002163,5.1267078189,5.18,0.0,41315.2,建筑,80355.0
2012-02-29,SZE_002163,5.0574279835,5.11,0.0,41315.2,建筑,80355.0
2012-03-01,SZE_002163,5.0970164609,5.15,0.0,41315.2,建筑,80355.0
2012-03-02,SZE_002163,5.1959876543,5.25,0.0,41315.2,建筑,80355.0
2012-03-05,SZE_002163,5.215781893,5.27,0.0,41315.2,建筑,80355.0
2012-03-06,SZE_002163,5.0970164609,5.15,0.0,41315.2,建筑,80355.0
2012-03-07,SZE_002163,5.1267078189,5.18,0.0,41315.2,建筑,80355.0
2012-03-08,SZE_002163,5.6413580247,5.7,0.0,41315.2,建筑,80355.0
2012-03-09,SZE_002163,5.7007407407,5.76,0.0,41315.2,建筑,80355.0
2012-03-12,SZE_002163,5.6017695473,5.66,0.0,41315.2,建筑,80355.0
2012-03-13,SZE_002163,5.621563786,5.68,0.0,41315.2,建筑,80355.0
2012-03-14,SZE_002163,5.2850617284,5.34,0.0,41315.2,建筑,80355.0
2012-03-15,SZE_002163,5.0673251029,5.12,0.0,41315.2,建筑,80355.0
2012-03-16,SZE_002163,5.2949588477,5.35,0.0,41315.2,建筑,80355.0
2012-03-19,SZE_002163,5.4533127572,5.51,0.0,41315.2,建筑,80355.0
2012-03-20,SZE_002163,5.2256790123,5.28,0.0,41315.2,建筑,80355.0
2012-03-21,SZE_002163,5.3345473251,5.39,0.0,41315.2,建筑,80355.0
2012-03-22,SZE_002163,5.2652674897,5.32,0.0,41315.2,建筑,80355.0
2012-03-23,SZE_002163,5.0970164609,5.15,0.0,41315.2,建筑,80355.0
2012-03-26,SZE_002163,5.0772222222,5.13,0.0,41315.2,建筑,80355.0
2012-03-27,SZE_002163,5.0475308642,5.1,0.0,41315.2,建筑,80355.0
2012-03-28,SZE_002163,4.6219547325,4.67,0.0,41315.2,建筑,80355.0
2012-03-29,SZE_002163,4.5427777778,4.59,0.0,41315.2,建筑,80355.0
2012-03-30,SZE_002163,4.5823662551,4.63,0.0,41315.2,建筑,80355.0
2012-04-05,SZE_002163,4.7209259259,4.77,0.0,41315.2,建筑,80355.0
2012-04-06,SZE_002163,4.8198971193,4.87,0.0,41315.2,建筑,80355.0
2012-04-09,SZE_002163,4.750617284,4.8,0.0,41315.2,建筑,80355.0
2012-04-10,SZE_002163,4.869382716,4.92,0.0,41315.2,建筑,80355.0
2012-04-11,SZE_002163,4.8297942387,4.88,0.0,41315.2,建筑,80355.0
2012-04-12,SZE_002163,4.9485596708,5.0,0.0,41315.2,建筑,80355.0
2012-04-13,SZE_002163,4.9980452675,5.05,0.0,41315.2,建筑,80355.0
2012-04-16,SZE_002163,5.0772222222,5.13,0.0,41315.2,建筑,80355.0
2012-04-17,SZE_002163,4.9683539095,5.02,0.0,41315.2,建筑,80355.0
2012-04-18,SZE_002163,5.0673251029,5.12,0.0,41315.2,建筑,80355.0
2012-04-20,SZE_002163,5.2850617284,5.34,0.0,41315.2,建筑,80355.0
2012-04-23,SZE_002163,5.1069135802,5.16,0.0,41315.2,建筑,80355.0
2012-04-24,SZE_002163,4.9188683128,4.97,0.0,41315.2,建筑,80355.0
2012-04-25,SZE_002163,4.9782510288,5.03,0.0,41315.2,建筑,80355.0
2012-04-26,SZE_002163,4.8594855967,4.91,0.0,41315.2,建筑,80355.0
2012-04-27,SZE_002163,4.839691358,4.89,0.0,41315.2,建筑,80355.0
2012-05-02,SZE_002163,4.869382716,4.92,0.0,41315.2,建筑,80355.0
2012-05-03,SZE_002163,4.8198971193,4.87,0.0,41315.2,建筑,80355.0
2012-05-04,SZE_002163,4.9386625514,4.99,0.0,41315.2,建筑,80355.0
2012-05-07,SZE_002163,4.9485596708,5.0,0.0,41315.2,建筑,80355.0
2012-05-08,SZE_002163,4.9782510288,5.03,0.0,41315.2,建筑,80355.0
2012-05-09,SZE_002163,5.0079423868,5.06,0.0,41315.2,建筑,80355.0
2012-05-10,SZE_002163,4.8594855967,4.91,0.0,41315.2,建筑,80355.0
2012-05-11,SZE_002163,4.8495884774,4.9,0.0,41315.2,建筑,80355.0
2012-05-14,SZE_002163,4.8495884774,4.9,0.0,41315.2,建筑,80355.0
2012-05-15,SZE_002163,4.8001028807,4.85,0.0,41315.2,建筑,80355.0
2012-05-16,SZE_002163,4.8198971193,4.87,0.0,41315.2,建筑,80355.0
2012-05-17,SZE_002163,4.9089711934,4.96,0.0,41315.2,建筑,80355.0
2012-05-18,SZE_002163,4.8001028807,4.85,0.0,41315.2,建筑,80355.0
2012-05-21,SZE_002163,4.750617284,4.8,0.0,41315.2,建筑,80355.0
2012-05-22,SZE_002163,4.8001028807,4.85,0.0,41315.2,建筑,80355.0
2012-05-23,SZE_002163,4.7011316872,4.75,0.0,41315.2,建筑,80355.0
2012-05-24,SZE_002163,4.7011316872,4.75,0.0,41315.2,建筑,80355.0
2012-05-25,SZE_002163,4.6219547325,4.67,0.0,41315.2,建筑,80355.0
2012-05-28,SZE_002163,4.6813374486,4.73,0.0,41315.2,建筑,80355.0
2012-05-29,SZE_002163,4.8001028807,4.85,0.0,41315.2,建筑,80355.0
2012-05-30,SZE_002163,4.81,4.86,0.0,41315.2,建筑,80355.0
2012-05-31,SZE_002163,4.78,4.78,0.0,41315.2,建筑,80355.0
2012-06-01,SZE_002163,4.77,4.77,0.0,41315.2,建筑,80355.0
2012-06-04,SZE_002163,4.59,4.59,0.0,41315.2,建筑,80355.0
2012-06-05,SZE_002163,4.55,4.55,0.0,41315.2,建筑,80355.0
2012-06-06,SZE_002163,4.49,4.49,0.0,41315.2,建筑,80355.0
2012-06-07,SZE_002163,4.44,4.44,0.0,41315.2,建筑,80355.0
2012-06-08,SZE_002163,4.49,4.49,0.0,41315.2,建筑,80355.0
2012-06-11,SZE_002163,4.54,4.54,0.0,41315.2,建筑,80355.0
2012-06-12,SZE_002163,4.45,4.45,0.0,41315.2,建筑,80355.0
2012-06-13,SZE_002163,4.54,4.54,0.0,41315.2,建筑,80355.0
2012-06-14,SZE_002163,4.49,4.49,0.0,41315.2,建筑,80355.0
2012-06-15,SZE_002163,4.47,4.47,0.0,41315.2,建筑,80355.0
2012-06-18,SZE_002163,4.5,4.5,0.0,41315.2,建筑,80355.0
2012-06-19,SZE_002163,4.46,4.46,0.0,41315.2,建筑,80355.0
2012-06-20,SZE_002163,4.47,4.47,0.0,41315.2,建筑,80355.0
2012-06-21,SZE_002163,4.42,4.42,0.0,41315.2,建筑,80355.0
2012-06-25,SZE_002163,4.34,4.34,0.0,41315.2,建筑,80355.0
2012-06-26,SZE_002163,4.4,4.4,0.0,41315.2,建筑,80355.0
2012-06-27,SZE_002163,4.43,4.43,0.0,41315.2,建筑,80355.0
2012-06-28,SZE_002163,4.27,4.27,0.0,41315.2,建筑,80355.0
2012-06-29,SZE_002163,4.22,4.22,0.0,41315.2,建筑,80355.0
2012-07-02,SZE_002163,4.23,4.23,0.0,41342.6,建筑,80355.0
2012-07-03,SZE_002163,4.2,4.2,0.0,41342.6,建筑,80355.0
2012-07-04,SZE_002163,4.14,4.14,0.0,41342.6,建筑,80355.0
2012-07-05,SZE_002163,4.03,4.03,0.0,41342.6,建筑,80355.0
2012-07-06,SZE_002163,4.11,4.11,0.0,41342.6,建筑,80355.0
2012-07-09,SZE_002163,3.92,3.92,0.0,41342.6,建筑,80355.0
2012-07-10,SZE_002163,3.9,3.9,0.0,41342.6,建筑,80355.0
2012-07-11,SZE_002163,3.84,3.84,0.0,41342.6,建筑,80355.0
2012-07-12,SZE_002163,3.76,3.76,0.0,41342.6,建筑,80355.0
2012-07-13,SZE_002163,3.72,3.72,0.0,41342.6,建筑,80355.0
2012-07-16,SZE_002163,3.48,3.48,0.0,41342.6,建筑,80355.0
2012-07-17,SZE_002163,3.55,3.55,0.0,41342.6,建筑,80355.0
2012-07-18,SZE_002163,3.65,3.65,0.0,41342.6,建筑,80355.0
2012-07-19,SZE_002163,3.79,3.79,0.0,41342.6,建筑,80355.0
2012-07-20,SZE_002163,3.74,3.74,0.0,41342.6,建筑,80355.0
2012-07-23,SZE_002163,3.68,3.68,0.0,41342.6,建筑,80355.0
2012-07-24,SZE_002163,3.7,3.7,0.0,41342.6,建筑,80355.0
2012-07-25,SZE_002163,3.6,3.6,0.0,41342.6,建筑,80355.0
2012-07-26,SZE_002163,3.62,3.62,0.0,41342.6,建筑,80355.0
2012-07-27,SZE_002163,3.61,3.61,0.0,41342.6,建筑,80355.0
2012-07-30,SZE_002163,3.52,3.52,0.0,41342.6,建筑,80355.0
2012-07-31,SZE_002163,3.43,3.43,0.0,41342.6,建筑,80355.0
2012-08-01,SZE_002163,3.49,3.49,0.0,41342.6,建筑,80355.0
2012-08-02,SZE_002163,3.47,3.47,0.0,41342.6,建筑,80355.0
2012-08-03,SZE_002163,3.57,3.57,0.0,41342.6,建筑,80355.0
2012-08-06,SZE_002163,3.64,3.64,0.0,41342.6,建筑,80355.0
2012-08-07,SZE_002163,3.7,3.7,0.0,41342.6,建筑,80355.0
2012-08-08,SZE_002163,3.67,3.67,0.0,41342.6,建筑,80355.0
2012-08-09,SZE_002163,3.72,3.72,0.0,41342.6,建筑,80355.0
2012-08-10,SZE_002163,3.73,3.73,0.0,41342.6,建筑,80355.0
2012-08-13,SZE_002163,3.66,3.66,0.0,41342.6,建筑,80355.0
2012-08-14,SZE_002163,3.77,3.77,0.0,41342.6,建筑,80355.0
2012-08-15,SZE_002163,3.78,3.78,0.0,41342.6,建筑,80355.0
2012-08-16,SZE_002163,3.75,3.75,0.0,41342.6,建筑,80355.0
2012-08-17,SZE_002163,3.69,3.69,0.0,41342.6,建筑,80355.0
2012-08-20,SZE_002163,3.66,3.66,0.0,41342.6,建筑,80355.0
2012-08-21,SZE_002163,3.75,3.75,0.0,41342.6,建筑,80355.0
2012-08-22,SZE_002163,3.85,3.85,0.0,41342.6,建筑,80355.0
2012-08-23,SZE_002163,3.76,3.76,0.0,41342.6,建筑,80355.0
2012-08-24,SZE_002163,3.67,3.67,0.0,41342.6,建筑,80355.0
2012-08-27,SZE_002163,3.49,3.49,0.0,41342.6,建筑,80355.0
2012-08-28,SZE_002163,3.55,3.55,0.0,41342.6,建筑,80355.0
2012-08-29,SZE_002163,3.56,3.56,0.0,41342.6,建筑,80355.0
2012-08-30,SZE_002163,3.47,3.47,0.0,41342.6,建筑,80355.0
2012-08-31,SZE_002163,3.47,3.47,0.0,41342.6,建筑,80355.0
2012-09-03,SZE_002163,3.52,3.52,0.0,41342.6,建筑,80355.0
2012-09-04,SZE_002163,3.47,3.47,0.0,41342.6,建筑,80355.0
2012-09-05,SZE_002163,3.5,3.5,0.0,41342.6,建筑,80355.0
2012-09-06,SZE_002163,3.54,3.54,0.0,41342.6,建筑,80355.0
2012-09-07,SZE_002163,3.66,3.66,0.0,41342.6,建筑,80355.0
2012-09-10,SZE_002163,3.74,3.74,0.0,41342.6,建筑,80355.0
2012-09-11,SZE_002163,3.7,3.7,0.0,41342.6,建筑,80355.0
2012-09-12,SZE_002163,3.79,3.79,0.0,41342.6,建筑,80355.0
2012-09-13,SZE_002163,3.8,3.8,0.0,41342.6,建筑,80355.0
2012-09-14,SZE_002163,3.86,3.86,0.0,41342.6,建筑,80355.0
2012-09-17,SZE_002163,3.62,3.62,0.0,41342.6,建筑,80355.0
2012-09-18,SZE_002163,3.66,3.66,0.0,41342.6,建筑,80355.0
2012-09-19,SZE_002163,3.83,3.83,0.0,41342.6,建筑,80355.0
2012-09-20,SZE_002163,3.68,3.68,0.0,41342.6,建筑,80355.0
2012-09-21,SZE_002163,3.54,3.54,0.0,41342.6,建筑,80355.0
2012-09-24,SZE_002163,3.55,3.55,0.0,41342.6,建筑,80355.0
2012-09-25,SZE_002163,3.48,3.48,0.0,41342.6,建筑,80355.0
2012-09-26,SZE_002163,3.36,3.36,0.0,41342.6,建筑,80355.0
2012-09-27,SZE_002163,3.43,3.43,0.0,41342.6,建筑,80355.0
2012-09-28,SZE_002163,3.48,3.48,0.0,41342.6,建筑,80355.0
2012-10-08,SZE_002163,3.47,3.47,0.0,41342.6,建筑,80355.0
2012-10-09,SZE_002163,3.54,3.54,0.0,41342.6,建筑,80355.0
2012-10-10,SZE_002163,3.62,3.62,0.0,41342.6,建筑,80355.0
2012-10-11,SZE_002163,3.54,3.54,0.0,41342.6,建筑,80355.0
2012-10-12,SZE_002163,3.53,3.53,0.0,41342.6,建筑,80355.0
2012-10-15,SZE_002163,3.44,3.44,0.0,41342.6,建筑,80355.0
2012-10-16,SZE_002163,3.44,3.44,0.0,41342.6,建筑,80355.0
2012-10-17,SZE_002163,3.45,3.45,0.0,41342.6,建筑,80355.0
2012-10-18,SZE_002163,3.65,3.65,0.0,41342.6,建筑,80355.0
2012-10-19,SZE_002163,3.59,3.59,0.0,41342.6,建筑,80355.0
2012-10-22,SZE_002163,3.59,3.59,0.0,41342.6,建筑,80355.0
2012-10-23,SZE_002163,3.59,3.59,0.0,41342.6,建筑,80355.0
2012-10-24,SZE_002163,3.74,3.74,0.0,41342.6,建筑,80355.0
2012-10-25,SZE_002163,3.74,3.74,0.0,41342.6,建筑,80355.0
2012-10-26,SZE_002163,3.62,3.62,0.0,41342.6,建筑,80355.0
2012-10-29,SZE_002163,3.56,3.56,0.0,41342.6,建筑,80355.0
2012-10-30,SZE_002163,3.61,3.61,0.0,41342.6,建筑,80355.0
2012-10-31,SZE_002163,3.62,3.62,0.0,41342.6,建筑,80355.0
2012-11-01,SZE_002163,3.69,3.69,0.0,41342.6,建筑,80355.0
2012-11-02,SZE_002163,3.67,3.67,0.0,41342.6,建筑,80355.0
2012-11-05,SZE_002163,3.71,3.71,0.0,41342.6,建筑,80355.0
2012-11-06,SZE_002163,3.64,3.64,0.0,41342.6,建筑,80355.0
2012-11-07,SZE_002163,3.72,3.72,0.0,41342.6,建筑,80355.0
2012-11-08,SZE_002163,3.51,3.51,0.0,41342.6,建筑,80355.0
2012-11-09,SZE_002163,3.47,3.47,0.0,41342.6,建筑,80355.0
2012-11-12,SZE_002163,3.54,3.54,0.0,41342.6,建筑,80355.0
2012-11-13,SZE_002163,3.43,3.43,0.0,41342.6,建筑,80355.0
2012-11-14,SZE_002163,3.45,3.45,0.0,41342.6,建筑,80355.0
2012-11-15,SZE_002163,3.36,3.36,0.0,41342.6,建筑,80355.0
2012-11-16,SZE_002163,3.34,3.34,0.0,41342.6,建筑,80355.0
2012-11-19,SZE_002163,3.41,3.41,0.0,41342.6,建筑,80355.0
2012-11-20,SZE_002163,3.38,3.38,0.0,41342.6,建筑,80355.0
2012-11-21,SZE_002163,3.42,3.42,0.0,41342.6,建筑,80355.0
2012-11-22,SZE_002163,3.41,3.41,0.0,41342.6,建筑,80355.0
2012-11-23,SZE_002163,3.39,3.39,0.0,41342.6,建筑,80355.0
2012-11-26,SZE_002163,3.38,3.38,0.0,41342.6,建筑,80355.0
2012-11-27,SZE_002163,3.19,3.19,0.0,41342.6,建筑,80355.0
2012-11-28,SZE_002163,3.12,3.12,0.0,41342.6,建筑,80355.0
2012-11-29,SZE_002163,3.03,3.03,0.0,41342.6,建筑,80355.0
2012-11-30,SZE_002163,3.05,3.05,0.0,41342.6,建筑,80355.0
2012-12-03,SZE_002163,2.94,2.94,0.0,41342.6,建筑,80355.0
2012-12-04,SZE_002163,3.0,3.0,0.0,41342.6,建筑,80355.0
2012-12-05,SZE_002163,3.12,3.12,0.0,41342.6,建筑,80355.0
2012-12-06,SZE_002163,3.1,3.1,0.0,41342.6,建筑,80355.0
2012-12-07,SZE_002163,3.18,3.18,0.0,41342.6,建筑,80355.0
2012-12-10,SZE_002163,3.24,3.24,0.0,41342.6,建筑,80355.0
2012-12-11,SZE_002163,3.19,3.19,0.0,41342.6,建筑,80355.0
2012-12-12,SZE_002163,3.19,3.19,0.0,41342.6,建筑,80355.0
2012-12-13,SZE_002163,3.23,3.23,0.0,41342.6,建筑,80355.0
2012-12-14,SZE_002163,3.33,3.33,0.0,41342.6,建筑,80355.0
2012-12-17,SZE_002163,3.33,3.33,0.0,41342.6,建筑,80355.0
2012-12-18,SZE_002163,3.29,3.29,0.0,41342.6,建筑,80355.0
2012-12-19,SZE_002163,3.33,3.33,0.0,41342.6,建筑,80355.0
2012-12-20,SZE_002163,3.37,3.37,0.0,41342.6,建筑,80355.0
2012-12-21,SZE_002163,3.31,3.31,0.0,41342.6,建筑,80355.0
2012-12-24,SZE_002163,3.33,3.33,0.0,41342.6,建筑,80355.0
2012-12-25,SZE_002163,3.39,3.39,0.0,41342.6,建筑,80355.0
2012-12-26,SZE_002163,3.4,3.4,0.0,41342.6,建筑,80355.0
2012-12-27,SZE_002163,3.46,3.46,0.0,41342.6,建筑,80355.0
2012-12-28,SZE_002163,3.42,3.42,0.0,41342.6,建筑,80355.0
2012-12-31,SZE_002163,3.39,3.39,0.0,41342.6,建筑,80355.0
2013-01-04,SZE_002163,3.45,3.45,0.0,41342.6,建筑,80355.0
2013-01-07,SZE_002163,3.53,3.53,0.0,41342.6,建筑,80355.0
2013-01-08,SZE_002163,3.52,3.52,0.0,41342.6,建筑,80355.0
2013-01-09,SZE_002163,3.55,3.55,0.0,41342.6,建筑,80355.0
2013-01-10,SZE_002163,3.6,3.6,0.0,41342.6,建筑,80355.0
2013-01-11,SZE_002163,3.46,3.46,0.0,41342.6,建筑,80355.0
2013-01-14,SZE_002163,3.63,3.63,0.0,41342.6,建筑,80355.0
2013-01-15,SZE_002163,3.99,3.99,0.0,41342.6,建筑,80355.0
2013-01-16,SZE_002163,3.9,3.9,0.0,41342.6,建筑,80355.0
2013-01-17,SZE_002163,3.75,3.75,0.0,41342.6,建筑,80355.0
2013-01-18,SZE_002163,3.78,3.78,0.0,41342.6,建筑,80355.0
2013-01-21,SZE_002163,3.76,3.76,0.0,41342.6,建筑,80355.0
2013-01-22,SZE_002163,3.8,3.8,0.0,41342.6,建筑,80355.0
2013-01-23,SZE_002163,3.8,3.8,0.0,41342.6,建筑,80355.0
2013-01-24,SZE_002163,3.68,3.68,0.0,41342.6,建筑,80355.0
2013-01-25,SZE_002163,3.63,3.63,0.0,41342.6,建筑,80355.0
2013-01-28,SZE_002163,3.81,3.81,0.0,41342.6,建筑,80355.0
2013-01-29,SZE_002163,3.82,3.82,0.0,41342.6,建筑,80355.0
2013-01-30,SZE_002163,3.78,3.78,0.0,41342.6,建筑,80355.0
2013-01-31,SZE_002163,3.72,3.72,0.0,41342.6,建筑,80355.0
2013-02-01,SZE_002163,3.8,3.8,0.0,41342.6,建筑,80355.0
2013-02-04,SZE_002163,3.71,3.71,0.0,41342.6,建筑,80355.0
2013-02-05,SZE_002163,3.74,3.74,0.0,41342.6,建筑,80355.0
2013-02-06,SZE_002163,3.7,3.7,0.0,41342.6,建筑,80355.0
2013-02-07,SZE_002163,3.71,3.71,0.0,41342.6,建筑,80355.0
2013-02-08,SZE_002163,3.72,3.72,0.0,41342.6,建筑,80355.0
2013-02-18,SZE_002163,3.78,3.78,0.0,41342.6,建筑,80355.0
2013-02-19,SZE_002163,3.82,3.82,0.0,41342.6,建筑,80355.0
2013-02-20,SZE_002163,3.83,3.83,0.0,41342.6,建筑,80355.0
2013-02-21,SZE_002163,4.21,4.21,0.0,41342.6,建筑,80355.0
2013-02-22,SZE_002163,4.63,4.63,0.0,41342.6,建筑,80355.0
2013-02-25,SZE_002163,5.09,5.09,0.0,41342.6,建筑,80355.0
2013-02-26,SZE_002163,4.63,4.63,0.0,41342.6,建筑,80355.0
2013-02-27,SZE_002163,4.54,4.54,0.0,41342.6,建筑,80355.0
2013-02-28,SZE_002163,4.57,4.57,0.0,41342.6,建筑,80355.0
2013-03-01,SZE_002163,4.7,4.7,0.0,41342.6,建筑,80355.0
2013-03-04,SZE_002163,4.64,4.64,0.0,41342.6,建筑,80355.0
2013-03-05,SZE_002163,4.88,4.88,0.0,41342.6,建筑,80355.0
2013-03-06,SZE_002163,5.37,5.37,0.0,41342.6,建筑,80355.0
2013-03-07,SZE_002163,5.69,5.69,0.0,41342.6,建筑,80355.0
2013-03-08,SZE_002163,6.1,6.1,0.0,41342.6,建筑,80355.0
2013-03-11,SZE_002163,5.49,5.49,0.0,41342.6,建筑,80355.0
2013-03-12,SZE_002163,5.59,5.59,0.0,41342.6,建筑,80355.0
2013-03-13,SZE_002163,5.64,5.64,0.0,41342.6,建筑,80355.0
2013-03-14,SZE_002163,5.48,5.48,0.0,41342.6,建筑,80355.0
2013-03-15,SZE_002163,5.2,5.2,0.0,41342.6,建筑,80355.0
2013-03-18,SZE_002163,5.05,5.05,0.0,41342.6,建筑,80355.0
2013-03-19,SZE_002163,5.3,5.3,0.0,41342.6,建筑,80355.0
2013-03-20,SZE_002163,5.34,5.34,0.0,41342.6,建筑,80355.0
2013-03-21,SZE_002163,5.63,5.63,0.0,41342.6,建筑,80355.0
2013-03-22,SZE_002163,5.51,5.51,0.0,41342.6,建筑,80355.0
2013-03-25,SZE_002163,5.5,5.5,0.0,41342.6,建筑,80355.0
2013-03-26,SZE_002163,5.39,5.39,0.0,41342.6,建筑,80355.0
2013-03-27,SZE_002163,5.45,5.45,0.0,41342.6,建筑,80355.0
2013-03-28,SZE_002163,5.03,5.03,0.0,41342.6,建筑,80355.0
2013-03-29,SZE_002163,4.94,4.94,0.0,41342.6,建筑,80355.0
2013-04-01,SZE_002163,4.76,4.76,0.0,41342.6,建筑,80355.0
2013-04-02,SZE_002163,4.78,4.78,0.0,41342.6,建筑,80355.0
2013-04-03,SZE_002163,4.94,4.94,0.0,41342.6,建筑,80355.0
2013-04-08,SZE_002163,4.89,4.89,0.0,41342.6,建筑,80355.0
2013-04-09,SZE_002163,4.95,4.95,0.0,41342.6,建筑,80355.0
2013-04-10,SZE_002163,4.83,4.83,0.0,41342.6,建筑,80355.0
2013-04-11,SZE_002163,4.85,4.85,0.0,41342.6,建筑,80355.0
2013-04-12,SZE_002163,4.98,4.98,0.0,41342.6,建筑,80355.0
2013-04-15,SZE_002163,4.83,4.83,0.0,41342.6,建筑,80355.0
2013-04-16,SZE_002163,4.79,4.79,0.0,41342.6,建筑,80355.0
2013-04-17,SZE_002163,4.96,4.96,0.0,41342.6,建筑,80355.0
2013-04-18,SZE_002163,4.9,4.9,0.0,41342.6,建筑,80355.0
2013-04-19,SZE_002163,4.97,4.97,0.0,41342.6,建筑,80355.0
2013-04-22,SZE_002163,4.9,4.9,0.0,68090.6,建筑,80355.0
2013-04-23,SZE_002163,4.63,4.63,0.0,68090.6,建筑,80355.0
2013-04-24,SZE_002163,4.67,4.67,0.0,68090.6,建筑,80355.0
2013-04-25,SZE_002163,4.38,4.38,0.0,68090.6,建筑,80355.0
2013-04-26,SZE_002163,4.22,4.22,0.0,68090.6,建筑,80355.0
2013-05-02,SZE_002163,4.25,4.25,0.0,68090.6,建筑,80355.0
2013-05-03,SZE_002163,4.43,4.43,0.0,68090.6,建筑,80355.0
2013-05-06,SZE_002163,4.45,4.45,0.0,68090.6,建筑,80355.0
2013-05-07,SZE_002163,4.9,4.9,0.0,68090.6,建筑,80355.0
2013-05-08,SZE_002163,5.1,5.1,0.0,68090.6,建筑,80355.0
2013-05-09,SZE_002163,5.06,5.06,0.0,68090.6,建筑,80355.0
2013-05-10,SZE_002163,4.95,4.95,0.0,68090.6,建筑,80355.0
2013-05-13,SZE_002163,5.2,5.2,0.0,68090.6,建筑,80355.0
2013-05-14,SZE_002163,4.99,4.99,0.0,68090.6,建筑,80355.0
2013-05-15,SZE_002163,5.04,5.04,0.0,68090.6,建筑,80355.0
2013-05-16,SZE_002163,5.11,5.11,0.0,68090.6,建筑,80355.0
2013-05-17,SZE_002163,5.16,5.16,0.0,68090.6,建筑,80355.0
2013-05-20,SZE_002163,5.32,5.32,0.0,68090.6,建筑,80355.0
2013-05-21,SZE_002163,5.38,5.38,0.0,68090.6,建筑,80355.0
2013-05-22,SZE_002163,5.19,5.19,0.0,68090.6,建筑,80355.0
2013-05-23,SZE_002163,5.04,5.04,0.0,68090.6,建筑,80355.0
2013-05-24,SZE_002163,5.13,5.13,0.0,68090.6,建筑,80355.0
2013-05-27,SZE_002163,5.23,5.23,0.0,68090.6,建筑,80355.0
2013-05-28,SZE_002163,5.37,5.37,0.0,68090.6,建筑,80355.0
2013-05-29,SZE_002163,5.45,5.45,0.0,68090.6,建筑,80355.0
2013-05-30,SZE_002163,5.36,5.36,0.0,68090.6,建筑,80355.0
2013-05-31,SZE_002163,5.22,5.22,0.0,68090.6,建筑,80355.0
2013-06-03,SZE_002163,5.23,5.23,0.0,68090.6,建筑,80355.0
2013-06-04,SZE_002163,5.16,5.16,0.0,68090.6,建筑,80355.0
2013-06-05,SZE_002163,5.09,5.09,0.0,68090.6,建筑,80355.0
2013-06-06,SZE_002163,4.99,4.99,0.0,68090.6,建筑,80355.0
2013-06-07,SZE_002163,4.73,4.73,0.0,68090.6,建筑,80355.0
2013-06-13,SZE_002163,4.45,4.45,0.0,68090.6,建筑,80355.0
2013-06-14,SZE_002163,4.6,4.6,0.0,68090.6,建筑,80355.0
2013-06-17,SZE_002163,4.7,4.7,0.0,68090.6,建筑,80355.0
2013-06-18,SZE_002163,4.76,4.76,0.0,68090.6,建筑,80355.0
2013-06-19,SZE_002163,4.72,4.72,0.0,68090.6,建筑,80355.0
2013-06-20,SZE_002163,4.8,4.8,0.0,68090.6,建筑,80355.0
2013-06-21,SZE_002163,4.8,4.8,0.0,68090.6,建筑,80355.0
2013-06-24,SZE_002163,4.35,4.35,0.0,68090.6,建筑,80355.0
2013-06-25,SZE_002163,4.4,4.4,0.0,68090.6,建筑,80355.0
2013-06-26,SZE_002163,4.44,4.44,0.0,68090.6,建筑,80355.0
2013-06-27,SZE_002163,4.24,4.24,0.0,68090.6,建筑,80355.0
2013-06-28,SZE_002163,4.19,4.19,0.0,68090.6,建筑,80355.0
2013-07-01,SZE_002163,4.21,4.21,0.0,68097.7,建筑,80355.0
2013-07-02,SZE_002163,4.31,4.31,0.0,68097.7,建筑,80355.0
2013-07-03,SZE_002163,4.39,4.39,0.0,68097.7,建筑,80355.0
2013-07-04,SZE_002163,4.34,4.34,0.0,68097.7,建筑,80355.0
2013-07-05,SZE_002163,4.29,4.29,0.0,68097.7,建筑,80355.0
2013-07-08,SZE_002163,4.01,4.01,0.0,68097.7,建筑,80355.0
2013-07-09,SZE_002163,4.05,4.05,0.0,68097.7,建筑,80355.0
2013-07-10,SZE_002163,4.15,4.15,0.0,68097.7,建筑,80355.0
2013-07-11,SZE_002163,4.27,4.27,0.0,68097.7,建筑,80355.0
2013-07-12,SZE_002163,4.23,4.23,0.0,68097.7,建筑,80355.0
2013-07-15,SZE_002163,4.29,4.29,0.0,68097.7,建筑,80355.0
2013-07-16,SZE_002163,4.4,4.4,0.0,68097.7,建筑,80355.0
2013-07-17,SZE_002163,4.25,4.25,0.0,68097.7,建筑,80355.0
2013-07-18,SZE_002163,4.25,4.25,0.0,68097.7,建筑,80355.0
2013-07-19,SZE_002163,4.06,4.06,0.0,68097.7,建筑,80355.0
2013-07-22,SZE_002163,4.1,4.1,0.0,68097.7,建筑,80355.0
2013-07-23,SZE_002163,4.2,4.2,0.0,68097.7,建筑,80355.0
2013-07-24,SZE_002163,4.2,4.2,0.0,68097.7,建筑,80355.0
2013-07-25,SZE_002163,4.27,4.27,0.0,68097.7,建筑,80355.0
2013-07-26,SZE_002163,4.26,4.26,0.0,68097.7,建筑,80355.0
2013-07-29,SZE_002163,4.36,4.36,0.0,68097.7,建筑,80355.0
2013-07-30,SZE_002163,4.26,4.26,0.0,68097.7,建筑,80355.0
2013-07-31,SZE_002163,4.19,4.19,0.0,68097.7,建筑,80355.0
2013-08-01,SZE_002163,4.42,4.42,0.0,68097.7,建筑,80355.0
2013-08-02,SZE_002163,4.42,4.42,0.0,68097.7,建筑,80355.0
2013-08-05,SZE_002163,4.44,4.44,0.0,68097.7,建筑,80355.0
2013-08-06,SZE_002163,4.43,4.43,0.0,68097.7,建筑,80355.0
2013-08-07,SZE_002163,4.36,4.36,0.0,68097.7,建筑,80355.0
2013-08-08,SZE_002163,4.35,4.35,0.0,68097.7,建筑,80355.0
2013-08-09,SZE_002163,4.45,4.45,0.0,68097.7,建筑,80355.0
2013-08-12,SZE_002163,4.52,4.52,0.0,68097.7,建筑,80355.0
2013-08-13,SZE_002163,4.49,4.49,0.0,68097.7,建筑,80355.0
2013-08-14,SZE_002163,4.41,4.41,0.0,68097.7,建筑,80355.0
2013-08-15,SZE_002163,4.34,4.34,0.0,68097.7,建筑,80355.0
2013-08-16,SZE_002163,4.22,4.22,0.0,68097.7,建筑,80355.0
2013-08-19,SZE_002163,4.17,4.17,0.0,68097.7,建筑,80355.0
2013-08-20,SZE_002163,4.15,4.15,0.0,68097.7,建筑,80355.0
2013-08-21,SZE_002163,4.27,4.27,0.0,68097.7,建筑,80355.0
2013-08-22,SZE_002163,4.22,4.22,0.0,68097.7,建筑,80355.0
2013-08-23,SZE_002163,4.14,4.14,0.0,68097.7,建筑,80355.0
2013-08-26,SZE_002163,4.2,4.2,0.0,68097.7,建筑,80355.0
2013-08-27,SZE_002163,4.24,4.24,0.0,68097.7,建筑,80355.0
2013-08-28,SZE_002163,4.23,4.23,0.0,68097.7,建筑,80355.0
2013-08-29,SZE_002163,4.15,4.15,0.0,68097.7,建筑,80355.0
2013-08-30,SZE_002163,4.1,4.1,0.0,68097.7,建筑,80355.0
2013-09-02,SZE_002163,4.12,4.12,0.0,68097.7,建筑,80355.0
2013-09-03,SZE_002163,4.18,4.18,0.0,68097.7,建筑,80355.0
2013-09-04,SZE_002163,4.16,4.16,0.0,68097.7,建筑,80355.0
2013-09-05,SZE_002163,4.19,4.19,0.0,68097.7,建筑,80355.0
2013-09-06,SZE_002163,4.19,4.19,0.0,68097.7,建筑,80355.0
2013-09-09,SZE_002163,4.23,4.23,0.0,68097.7,建筑,80355.0
2013-09-10,SZE_002163,4.65,4.65,0.0,68097.7,建筑,80355.0
2013-09-11,SZE_002163,4.59,4.59,0.0,68097.7,建筑,80355.0
2013-09-12,SZE_002163,4.53,4.53,0.0,68097.7,建筑,80355.0
2013-09-13,SZE_002163,4.46,4.46,0.0,68097.7,建筑,80355.0
2013-09-16,SZE_002163,4.48,4.48,0.0,68097.7,建筑,80355.0
2013-09-17,SZE_002163,4.33,4.33,0.0,68097.7,建筑,80355.0
2013-09-18,SZE_002163,4.43,4.43,0.0,68097.7,建筑,80355.0
2013-09-23,SZE_002163,4.45,4.45,0.0,68097.7,建筑,80355.0
2013-09-24,SZE_002163,4.39,4.39,0.0,68097.7,建筑,80355.0
2013-09-25,SZE_002163,4.38,4.38,0.0,68097.7,建筑,80355.0
2013-09-26,SZE_002163,4.2,4.2,0.0,68097.7,建筑,80355.0
2013-09-27,SZE_002163,4.23,4.23,0.0,68097.7,建筑,80355.0
2013-09-30,SZE_002163,4.27,4.27,0.0,68097.7,建筑,80355.0
2013-10-08,SZE_002163,4.34,4.34,0.0,68097.7,建筑,80355.0
2013-10-09,SZE_002163,4.34,4.34,0.0,68097.7,建筑,80355.0
2013-10-10,SZE_002163,4.39,4.39,0.0,68097.7,建筑,80355.0
2013-10-11,SZE_002163,4.41,4.41,0.0,68097.7,建筑,80355.0
2013-10-14,SZE_002163,4.51,4.51,0.0,68097.7,建筑,80355.0
2013-10-15,SZE_002163,4.52,4.52,0.0,68097.7,建筑,80355.0
2013-10-16,SZE_002163,4.4,4.4,0.0,68097.7,建筑,80355.0
2013-10-17,SZE_002163,4.37,4.37,0.0,68097.7,建筑,80355.0
2013-10-18,SZE_002163,4.59,4.59,0.0,68097.7,建筑,80355.0
2013-10-21,SZE_002163,4.65,4.65,0.0,68097.7,建筑,80355.0
2013-10-22,SZE_002163,4.58,4.58,0.0,68097.7,建筑,80355.0
2013-10-23,SZE_002163,4.51,4.51,0.0,68097.7,建筑,80355.0
2013-10-24,SZE_002163,4.41,4.41,0.0,68097.7,建筑,80355.0
2013-11-01,SZE_002163,4.1,4.1,0.0,68097.7,建筑,80355.0
2013-11-04,SZE_002163,4.11,4.11,0.0,68097.7,建筑,80355.0
2013-11-05,SZE_002163,4.09,4.09,0.0,68097.7,建筑,80355.0
2013-11-06,SZE_002163,4.11,4.11,0.0,68097.7,建筑,80355.0
2013-11-07,SZE_002163,4.14,4.14,0.0,68097.7,建筑,80355.0
2013-11-08,SZE_002163,4.1,4.1,0.0,68097.7,建筑,80355.0
2013-11-11,SZE_002163,4.1,4.1,0.0,68097.7,建筑,80355.0
2013-11-12,SZE_002163,4.1,4.1,0.0,68097.7,建筑,80355.0
2013-11-13,SZE_002163,4.06,4.06,0.0,68097.7,建筑,80355.0
2013-11-14,SZE_002163,4.04,4.04,0.0,68097.7,建筑,80355.0
2013-11-15,SZE_002163,4.12,4.12,0.0,68097.7,建筑,80355.0
2013-11-18,SZE_002163,4.18,4.18,0.0,68097.7,建筑,80355.0
2013-11-19,SZE_002163,4.2,4.2,0.0,68097.7,建筑,80355.0
2013-11-20,SZE_002163,4.38,4.38,0.0,68097.7,建筑,80355.0
2013-11-21,SZE_002163,4.28,4.28,0.0,68097.7,建筑,80355.0
2013-11-22,SZE_002163,4.24,4.24,0.0,68097.7,建筑,80355.0
2013-11-25,SZE_002163,4.21,4.21,0.0,68097.7,建筑,80355.0
2013-11-26,SZE_002163,4.18,4.18,0.0,68097.7,建筑,80355.0
2013-11-27,SZE_002163,4.23,4.23,0.0,68097.7,建筑,80355.0
2013-11-28,SZE_002163,4.28,4.28,0.0,68097.7,建筑,80355.0
2013-11-29,SZE_002163,4.71,4.71,0.0,68097.7,建筑,80355.0
2013-12-02,SZE_002163,4.38,4.38,0.0,68097.7,建筑,80355.0
2013-12-03,SZE_002163,4.52,4.52,0.0,68097.7,建筑,80355.0
2013-12-04,SZE_002163,4.57,4.57,0.0,68097.7,建筑,80355.0
2013-12-05,SZE_002163,4.44,4.44,0.0,68097.7,建筑,80355.0
2013-12-06,SZE_002163,4.44,4.44,0.0,68097.7,建筑,80355.0
2013-12-09,SZE_002163,4.44,4.44,0.0,68097.7,建筑,80355.0
2013-12-10,SZE_002163,4.37,4.37,0.0,68097.7,建筑,80355.0
2013-12-11,SZE_002163,4.32,4.32,0.0,68097.7,建筑,80355.0
2013-12-12,SZE_002163,4.29,4.29,0.0,68097.7,建筑,80355.0
2013-12-13,SZE_002163,4.11,4.11,0.0,68097.7,建筑,80355.0
2013-12-16,SZE_002163,4.04,4.04,0.0,68097.7,建筑,80355.0
2013-12-17,SZE_002163,4.05,4.05,0.0,68097.7,建筑,80355.0
2013-12-18,SZE_002163,4.04,4.04,0.0,68097.7,建筑,80355.0
2013-12-19,SZE_002163,3.95,3.95,0.0,68097.7,建筑,80355.0
2013-12-20,SZE_002163,3.9,3.9,0.0,68097.7,建筑,80355.0
2013-12-23,SZE_002163,3.77,3.77,0.0,68097.7,建筑,80355.0
2013-12-24,SZE_002163,3.75,3.75,0.0,68097.7,建筑,80355.0
2013-12-25,SZE_002163,3.79,3.79,0.0,68097.7,建筑,80355.0
2013-12-26,SZE_002163,3.64,3.64,0.0,68097.7,建筑,80355.0
2013-12-27,SZE_002163,3.69,3.69,0.0,68097.7,建筑,80355.0
2013-12-30,SZE_002163,3.74,3.74,0.0,68097.7,建筑,80355.0
2013-12-31,SZE_002163,3.76,3.76,0.0,68091.8,建筑,80355.0
2014-01-02,SZE_002163,3.74,3.74,0.0,68091.8,建筑,80355.0
2014-01-03,SZE_002163,3.68,3.68,0.0,68091.8,建筑,80355.0
2014-01-06,SZE_002163,3.55,3.55,0.0,68091.8,建筑,80355.0
2014-01-07,SZE_002163,3.56,3.56,0.0,68091.8,建筑,80355.0
2014-01-08,SZE_002163,3.52,3.52,0.0,68091.8,建筑,80355.0
2014-01-09,SZE_002163,3.41,3.41,0.0,68091.8,建筑,80355.0
2014-01-10,SZE_002163,3.23,3.23,0.0,68091.8,建筑,80355.0
2014-01-13,SZE_002163,3.17,3.17,0.0,68091.8,建筑,80355.0
2014-01-14,SZE_002163,3.26,3.26,0.0,68091.8,建筑,80355.0
2014-01-15,SZE_002163,3.29,3.29,0.0,68091.8,建筑,80355.0
2014-01-16,SZE_002163,3.27,3.27,0.0,68091.8,建筑,80355.0
2014-01-17,SZE_002163,3.19,3.19,0.0,68091.8,建筑,80355.0
2014-01-20,SZE_002163,3.23,3.23,0.0,68091.8,建筑,80355.0
2014-01-21,SZE_002163,3.25,3.25,0.0,68091.8,建筑,80355.0
2014-01-22,SZE_002163,3.36,3.36,0.0,68091.8,建筑,80355.0
2014-01-23,SZE_002163,3.37,3.37,0.0,68091.8,建筑,80355.0
2014-01-24,SZE_002163,3.4,3.4,0.0,68091.8,建筑,80355.0
2014-01-27,SZE_002163,3.38,3.38,0.0,68091.8,建筑,80355.0
2014-01-28,SZE_002163,3.38,3.38,0.0,68091.8,建筑,80355.0
2014-01-29,SZE_002163,3.36,3.36,0.0,68091.8,建筑,80355.0
2014-01-30,SZE_002163,3.33,3.33,0.0,68091.8,建筑,80355.0
2014-02-07,SZE_002163,3.39,3.39,0.0,68091.8,建筑,80355.0
2014-02-10,SZE_002163,3.51,3.51,0.0,68091.8,建筑,80355.0
2014-02-11,SZE_002163,3.5,3.5,0.0,68091.8,建筑,80355.0
2014-02-12,SZE_002163,3.62,3.62,0.0,68091.8,建筑,80355.0
2014-02-13,SZE_002163,3.56,3.56,0.0,68091.8,建筑,80355.0
2014-02-14,SZE_002163,3.59,3.59,0.0,68091.8,建筑,80355.0
2014-02-17,SZE_002163,3.63,3.63,0.0,68091.8,建筑,80355.0
2014-02-18,SZE_002163,3.62,3.62,0.0,68091.8,建筑,80355.0
2014-02-19,SZE_002163,3.62,3.62,0.0,68091.8,建筑,80355.0
2014-02-20,SZE_002163,3.53,3.53,0.0,68091.8,建筑,80355.0
2014-02-21,SZE_002163,3.61,3.61,0.0,68091.8,建筑,80355.0
2014-02-24,SZE_002163,3.53,3.53,0.0,68091.8,建筑,80355.0
2014-02-25,SZE_002163,3.37,3.37,0.0,68091.8,建筑,80355.0
2014-02-26,SZE_002163,3.41,3.41,0.0,68091.8,建筑,80355.0
2014-02-27,SZE_002163,3.35,3.35,0.0,68091.8,建筑,80355.0
2014-02-28,SZE_002163,3.37,3.37,0.0,68091.8,建筑,80355.0
2014-03-03,SZE_002163,3.42,3.42,0.0,68091.8,建筑,80355.0
2014-03-04,SZE_002163,3.62,3.62,0.0,68091.8,建筑,80355.0
2014-03-05,SZE_002163,3.54,3.54,0.0,68091.8,建筑,80355.0
2014-03-06,SZE_002163,3.55,3.55,0.0,68091.8,建筑,80355.0
2014-03-07,SZE_002163,3.49,3.49,0.0,68091.8,建筑,80355.0
2014-03-10,SZE_002163,3.33,3.33,0.0,68091.8,建筑,80355.0
2014-03-11,SZE_002163,3.34,3.34,0.0,68091.8,建筑,80355.0
2014-03-12,SZE_002163,3.47,3.47,0.0,68091.8,建筑,80355.0
2014-03-13,SZE_002163,3.42,3.42,0.0,68091.8,建筑,80355.0
2014-03-14,SZE_002163,3.47,3.47,0.0,68091.8,建筑,80355.0
2014-03-17,SZE_002163,3.53,3.53,0.0,68091.8,建筑,80355.0
2014-03-18,SZE_002163,3.57,3.57,0.0,68091.8,建筑,80355.0
2014-03-19,SZE_002163,3.64,3.64,0.0,68091.8,建筑,80355.0
2014-03-20,SZE_002163,3.54,3.54,0.0,68091.8,建筑,80355.0
2014-03-21,SZE_002163,3.89,3.89,0.0,68091.8,建筑,80355.0
2014-03-24,SZE_002163,4.11,4.11,0.0,68091.8,建筑,80355.0
2014-03-25,SZE_002163,3.95,3.95,0.0,68091.8,建筑,80355.0
2014-03-26,SZE_002163,3.83,3.83,0.0,68091.8,建筑,80355.0
2014-03-27,SZE_002163,3.77,3.77,0.0,68091.8,建筑,80355.0
2014-03-28,SZE_002163,3.81,3.81,0.0,68091.8,建筑,80355.0
2014-03-31,SZE_002163,3.66,3.66,0.0,68091.8,建筑,80355.0
2014-04-01,SZE_002163,3.69,3.69,0.0,68091.8,建筑,80355.0
2014-04-02,SZE_002163,3.7,3.7,0.0,68091.8,建筑,80355.0
2014-04-03,SZE_002163,3.75,3.75,0.0,68091.8,建筑,80355.0
2014-04-04,SZE_002163,3.73,3.73,0.0,68091.8,建筑,80355.0
2014-04-08,SZE_002163,3.81,3.81,0.0,68091.8,建筑,80355.0
2014-04-09,SZE_002163,3.81,3.81,0.0,68091.8,建筑,80355.0
2014-04-10,SZE_002163,3.78,3.78,0.0,68091.8,建筑,80355.0
2014-04-11,SZE_002163,3.67,3.67,0.0,68091.8,建筑,80355.0
2014-04-14,SZE_002163,3.64,3.64,0.0,68091.8,建筑,80355.0
2014-04-15,SZE_002163,3.63,3.63,0.0,68091.8,建筑,80355.0
2014-04-16,SZE_002163,3.62,3.62,0.0,68091.8,建筑,80355.0
2014-04-17,SZE_002163,3.58,3.58,0.0,68091.8,建筑,80355.0
2014-04-18,SZE_002163,3.61,3.61,0.0,68091.8,建筑,80355.0
2014-04-21,SZE_002163,3.49,3.49,0.0,68091.8,建筑,80355.0
2014-04-22,SZE_002163,3.46,3.46,0.0,68091.8,建筑,80355.0
2014-04-23,SZE_002163,3.48,3.48,0.0,68091.8,建筑,80355.0
2014-04-24,SZE_002163,3.46,3.46,0.0,68091.8,建筑,80355.0
2014-04-25,SZE_002163,3.3,3.3,0.0,68091.8,建筑,80355.0
2014-04-29,SZE_002163,3.14,3.14,1.0,68091.8,建筑,80355.0
2014-04-30,SZE_002163,2.98,2.98,1.0,68091.8,建筑,80355.0
2014-05-05,SZE_002163,2.95,2.95,1.0,68091.8,建筑,80355.0
2014-05-06,SZE_002163,2.98,2.98,1.0,68091.8,建筑,80355.0
2014-05-07,SZE_002163,2.92,2.92,1.0,68091.8,建筑,80355.0
2014-05-08,SZE_002163,2.94,2.94,1.0,68091.8,建筑,80355.0
2014-05-09,SZE_002163,2.9,2.9,1.0,68091.8,建筑,80355.0
2014-05-12,SZE_002163,2.95,2.95,1.0,68091.8,建筑,80355.0
2014-05-13,SZE_002163,2.94,2.94,1.0,68091.8,建筑,80355.0
2014-05-14,SZE_002163,2.95,2.95,1.0,68091.8,建筑,80355.0
2014-05-15,SZE_002163,2.94,2.94,1.0,68091.8,建筑,80355.0
2014-05-16,SZE_002163,2.91,2.91,1.0,68091.8,建筑,80355.0
2014-05-19,SZE_002163,2.96,2.96,1.0,68091.8,建筑,80355.0
2014-05-20,SZE_002163,3.01,3.01,1.0,68091.8,建筑,80355.0
2014-05-21,SZE_002163,3.0,3.0,1.0,68091.8,建筑,80355.0
2014-05-22,SZE_002163,2.98,2.98,1.0,68091.8,建筑,80355.0
2014-05-23,SZE_002163,2.99,2.99,1.0,68091.8,建筑,80355.0
2014-05-26,SZE_002163,3.0,3.0,1.0,68091.8,建筑,80355.0
2014-05-27,SZE_002163,2.97,2.97,1.0,68091.8,建筑,80355.0
2014-05-28,SZE_002163,2.99,2.99,1.0,68091.8,建筑,80355.0
2014-05-29,SZE_002163,3.14,3.14,1.0,68091.8,建筑,80355.0
2014-05-30,SZE_002163,3.14,3.14,1.0,68091.8,建筑,80355.0
2014-06-03,SZE_002163,3.13,3.13,1.0,68091.8,建筑,80355.0
2014-06-04,SZE_002163,3.29,3.29,1.0,68091.8,建筑,80355.0
2014-06-05,SZE_002163,3.45,3.45,1.0,68091.8,建筑,80355.0
2014-06-06,SZE_002163,3.38,3.38,1.0,68091.8,建筑,80355.0
2014-06-09,SZE_002163,3.46,3.46,1.0,68091.8,建筑,80355.0
2014-06-10,SZE_002163,3.4,3.4,1.0,68091.8,建筑,80355.0
2014-06-11,SZE_002163,3.42,3.42,1.0,68091.8,建筑,80355.0
2014-06-12,SZE_002163,3.41,3.41,1.0,68091.8,建筑,80355.0
2014-06-13,SZE_002163,3.39,3.39,1.0,68091.8,建筑,80355.0
2014-06-16,SZE_002163,3.36,3.36,1.0,68091.8,建筑,80355.0
2014-06-17,SZE_002163,3.26,3.26,1.0,68091.8,建筑,80355.0
2014-06-18,SZE_002163,3.42,3.42,1.0,68091.8,建筑,80355.0
2014-06-19,SZE_002163,3.28,3.28,1.0,68091.8,建筑,80355.0
2014-06-20,SZE_002163,3.44,3.44,1.0,68091.8,建筑,80355.0
2014-06-23,SZE_002163,3.5,3.5,1.0,68091.8,建筑,80355.0
2014-06-24,SZE_002163,3.52,3.52,1.0,68091.8,建筑,80355.0
2014-06-25,SZE_002163,3.48,3.48,1.0,68091.8,建筑,80355.0
2014-07-10,SZE_002163,3.65,3.65,1.0,68306.6,建筑,80355.0
2014-07-11,SZE_002163,3.64,3.64,1.0,68306.6,建筑,80355.0
2014-07-14,SZE_002163,3.64,3.64,1.0,68306.6,建筑,80355.0
2014-07-15,SZE_002163,3.62,3.62,1.0,68306.6,建筑,80355.0
2014-07-16,SZE_002163,3.44,3.44,1.0,68306.6,建筑,80355.0
2014-07-17,SZE_002163,3.39,3.39,1.0,68306.6,建筑,80355.0
2014-07-18,SZE_002163,3.42,3.42,1.0,68306.6,建筑,80355.0
2014-07-22,SZE_002163,3.43,3.43,1.0,68306.6,建筑,80355.0
2014-07-23,SZE_002163,3.6,3.6,1.0,68306.6,建筑,80355.0
2014-07-24,SZE_002163,3.56,3.56,1.0,68306.6,建筑,80355.0
2014-07-25,SZE_002163,3.58,3.58,1.0,68306.6,建筑,80355.0
2014-07-28,SZE_002163,3.58,3.58,1.0,68306.6,建筑,80355.0
2014-07-29,SZE_002163,3.6,3.6,1.0,68306.6,建筑,80355.0
2014-07-30,SZE_002163,3.64,3.64,1.0,68306.6,建筑,80355.0
2014-07-31,SZE_002163,3.63,3.63,1.0,68306.6,建筑,80355.0
2014-08-01,SZE_002163,3.65,3.65,1.0,68306.6,建筑,80355.0
2014-08-04,SZE_002163,3.73,3.73,1.0,68306.6,建筑,80355.0
2014-08-05,SZE_002163,3.78,3.78,1.0,68306.6,建筑,80355.0
2014-08-06,SZE_002163,3.95,3.95,1.0,68306.6,建筑,80355.0
2014-08-07,SZE_002163,3.89,3.89,1.0,68306.6,建筑,80355.0
2014-08-08,SZE_002163,3.89,3.89,1.0,68306.6,建筑,80355.0
2014-08-11,SZE_002163,3.94,3.94,1.0,68306.6,建筑,80355.0
2014-08-12,SZE_002163,4.03,4.03,1.0,68306.6,建筑,80355.0
2014-08-13,SZE_002163,4.13,4.13,1.0,68306.6,建筑,80355.0
2014-08-14,SZE_002163,4.05,4.05,1.0,68306.6,建筑,80355.0
2014-08-15,SZE_002163,4.11,4.11,1.0,68306.6,建筑,80355.0
2014-08-18,SZE_002163,4.1,4.1,1.0,68306.6,建筑,80355.0
2014-08-19,SZE_002163,4.09,4.09,1.0,68306.6,建筑,80355.0
2014-08-20,SZE_002163,4.11,4.11,1.0,68306.6,建筑,80355.0
2014-08-21,SZE_002163,4.09,4.09,1.0,68306.6,建筑,80355.0
2014-08-22,SZE_002163,4.21,4.21,1.0,68306.6,建筑,80355.0
2014-08-25,SZE_002163,4.23,4.23,1.0,68306.6,建筑,80355.0
2014-08-26,SZE_002163,4.06,4.06,1.0,68306.6,建筑,80355.0
2014-08-27,SZE_002163,4.09,4.09,1.0,68306.6,建筑,80355.0
2014-08-28,SZE_002163,4.19,4.19,1.0,68306.6,建筑,80355.0
2014-08-29,SZE_002163,4.4,4.4,1.0,68306.6,建筑,80355.0
2014-09-01,SZE_002163,4.62,4.62,1.0,68306.6,建筑,80355.0
2014-09-02,SZE_002163,4.85,4.85,1.0,68306.6,建筑,80355.0
2014-09-03,SZE_002163,4.79,4.79,1.0,68306.6,建筑,80355.0
2014-09-04,SZE_002163,4.96,4.96,1.0,68306.6,建筑,80355.0
2014-09-05,SZE_002163,4.96,4.96,1.0,68306.6,建筑,80355.0
2014-09-09,SZE_002163,4.9,4.9,1.0,68306.6,建筑,80355.0
2014-09-10,SZE_002163,5.15,5.15,1.0,68306.6,建筑,80355.0
2014-09-11,SZE_002163,5.41,5.41,1.0,68306.6,建筑,80355.0
2014-09-12,SZE_002163,5.68,5.68,1.0,68306.6,建筑,80355.0
2014-09-15,SZE_002163,5.96,5.96,1.0,68306.6,建筑,80355.0
2014-09-16,SZE_002163,5.66,5.66,1.0,68306.6,建筑,80355.0
2014-09-17,SZE_002163,5.75,5.75,1.0,68306.6,建筑,80355.0
2014-09-18,SZE_002163,5.46,5.46,1.0,68306.6,建筑,80355.0
2014-09-19,SZE_002163,5.73,5.73,1.0,68306.6,建筑,80355.0
2014-09-22,SZE_002163,5.79,5.79,1.0,68306.6,建筑,80355.0
2014-09-23,SZE_002163,6.04,6.04,1.0,68306.6,建筑,80355.0
2014-09-24,SZE_002163,6.34,6.34,1.0,68306.6,建筑,80355.0
2014-09-25,SZE_002163,6.4,6.4,1.0,68306.6,建筑,80355.0
2014-09-26,SZE_002163,6.61,6.61,1.0,68306.6,建筑,80355.0
2014-09-29,SZE_002163,6.94,6.94,1.0,68306.6,建筑,80355.0
2014-09-30,SZE_002163,7.29,7.29,1.0,68306.6,建筑,80355.0
2014-10-08,SZE_002163,7.65,7.65,1.0,68306.6,建筑,80355.0
2014-10-09,SZE_002163,8.03,8.03,1.0,68306.6,建筑,80355.0
2014-10-10,SZE_002163,8.28,8.28,1.0,68306.6,建筑,80355.0
2014-10-13,SZE_002163,7.87,7.87,1.0,68306.6,建筑,80355.0
2014-10-14,SZE_002163,7.48,7.48,1.0,68306.6,建筑,80355.0
2014-10-15,SZE_002163,7.18,7.18,1.0,68306.6,建筑,80355.0
2014-10-16,SZE_002163,7.17,7.17,1.0,68306.6,建筑,80355.0
2014-10-17,SZE_002163,6.81,6.81,1.0,68306.6,建筑,80355.0
2014-10-20,SZE_002163,6.82,6.82,1.0,68306.6,建筑,80355.0
2014-10-21,SZE_002163,6.77,6.77,1.0,68306.6,建筑,80355.0
2014-10-22,SZE_002163,7.11,7.11,1.0,68306.6,建筑,80355.0
2014-10-23,SZE_002163,7.17,7.17,1.0,68306.6,建筑,80355.0
2014-10-24,SZE_002163,6.81,6.81,1.0,68306.6,建筑,80355.0
2014-10-27,SZE_002163,6.47,6.47,1.0,68306.6,建筑,80355.0
2014-10-28,SZE_002163,6.72,6.72,1.0,68306.6,建筑,80355.0
2014-10-29,SZE_002163,6.62,6.62,1.0,68306.6,建筑,80355.0
2014-10-30,SZE_002163,6.47,6.47,1.0,68306.6,建筑,80355.0
2014-10-31,SZE_002163,6.68,6.68,1.0,68306.6,建筑,80355.0
2014-11-03,SZE_002163,6.75,6.75,1.0,68306.6,建筑,80355.0
2014-11-04,SZE_002163,6.61,6.61,1.0,68306.6,建筑,80355.0
2014-11-05,SZE_002163,6.68,6.68,1.0,68306.6,建筑,80355.0
2014-11-06,SZE_002163,6.63,6.63,1.0,68306.6,建筑,80355.0
2014-11-07,SZE_002163,6.4,6.4,1.0,68306.6,建筑,80355.0
2014-11-10,SZE_002163,6.39,6.39,1.0,68306.6,建筑,80355.0
2014-11-11,SZE_002163,6.07,6.07,1.0,68306.6,建筑,80355.0
2014-11-12,SZE_002163,6.16,6.16,1.0,68306.6,建筑,80355.0
2014-11-13,SZE_002163,6.09,6.09,1.0,68306.6,建筑,80355.0
2014-11-14,SZE_002163,6.16,6.16,1.0,68306.6,建筑,80355.0
2014-11-17,SZE_002163,6.12,6.12,1.0,68306.6,建筑,80355.0
2014-11-18,SZE_002163,6.43,6.43,1.0,68306.6,建筑,80355.0
2014-11-19,SZE_002163,6.65,6.65,1.0,68306.6,建筑,80355.0
2014-11-20,SZE_002163,6.98,6.98,1.0,68306.6,建筑,80355.0
2014-11-21,SZE_002163,7.32,7.32,1.0,68306.6,建筑,80355.0
2014-11-24,SZE_002163,7.11,7.11,1.0,68306.6,建筑,80355.0
2014-11-25,SZE_002163,7.22,7.22,1.0,68306.6,建筑,80355.0
2014-11-26,SZE_002163,7.22,7.22,1.0,68306.6,建筑,80355.0
2014-11-27,SZE_002163,7.2,7.2,1.0,68306.6,建筑,80355.0
2014-11-28,SZE_002163,7.37,7.37,1.0,68306.6,建筑,80355.0
2014-12-01,SZE_002163,7.07,7.07,1.0,68306.6,建筑,80355.0
2014-12-02,SZE_002163,7.11,7.11,1.0,68306.6,建筑,80355.0
2014-12-03,SZE_002163,6.93,6.93,1.0,68306.6,建筑,80355.0
2014-12-04,SZE_002163,6.93,6.93,1.0,68306.6,建筑,80355.0
2014-12-05,SZE_002163,6.96,6.96,1.0,68306.6,建筑,80355.0
2014-12-08,SZE_002163,6.94,6.94,1.0,68306.6,建筑,80355.0
2014-12-09,SZE_002163,6.6,6.6,1.0,68306.6,建筑,80355.0
2014-12-10,SZE_002163,6.66,6.66,1.0,68306.6,建筑,80355.0
2014-12-11,SZE_002163,6.64,6.64,1.0,68306.6,建筑,80355.0
2014-12-12,SZE_002163,6.97,6.97,1.0,68306.6,建筑,80355.0
2014-12-15,SZE_002163,7.05,7.05,1.0,68306.6,建筑,80355.0
2014-12-16,SZE_002163,6.96,6.96,1.0,68306.6,建筑,80355.0
2014-12-17,SZE_002163,6.73,6.73,1.0,68306.6,建筑,80355.0
2014-12-18,SZE_002163,6.74,6.74,1.0,68306.6,建筑,80355.0
2014-12-19,SZE_002163,6.56,6.56,1.0,68306.6,建筑,80355.0
2014-12-22,SZE_002163,6.23,6.23,1.0,68306.6,建筑,80355.0
2014-12-23,SZE_002163,6.22,6.22,1.0,68306.6,建筑,80355.0
2014-12-24,SZE_002163,6.4,6.4,1.0,68306.6,建筑,80355.0
2014-12-25,SZE_002163,6.49,6.49,1.0,68306.6,建筑,80355.0
2014-12-26,SZE_002163,6.42,6.42,1.0,68306.6,建筑,80355.0
2014-12-29,SZE_002163,6.25,6.25,1.0,68306.6,建筑,80355.0
2014-12-30,SZE_002163,6.25,6.25,1.0,68306.6,建筑,80355.0
2014-12-31,SZE_002163,6.38,6.38,1.0,68306.6,建筑,80355.0
2015-01-05,SZE_002163,6.31,6.31,1.0,68306.6,建筑,80355.0
2015-01-06,SZE_002163,6.36,6.36,1.0,68306.6,建筑,80355.0
2015-01-07,SZE_002163,6.68,6.68,1.0,68306.6,建筑,80355.0
2015-01-08,SZE_002163,6.68,6.68,1.0,68306.6,建筑,80355.0
2015-01-09,SZE_002163,6.76,6.76,1.0,68306.6,建筑,80355.0
2015-01-12,SZE_002163,6.73,6.73,1.0,68306.6,建筑,80355.0
2015-01-13,SZE_002163,6.73,6.73,1.0,68306.6,建筑,80355.0
2015-01-14,SZE_002163,6.71,6.71,1.0,68306.6,建筑,80355.0
2015-01-15,SZE_002163,6.73,6.73,1.0,68306.6,建筑,80355.0
2015-01-16,SZE_002163,6.84,6.84,1.0,68306.6,建筑,80355.0
2015-01-19,SZE_002163,6.6,6.6,1.0,68306.6,建筑,80355.0
2015-01-20,SZE_002163,6.74,6.74,1.0,68306.6,建筑,80355.0
2015-01-21,SZE_002163,6.92,6.92,1.0,68306.6,建筑,80355.0
2015-01-22,SZE_002163,7.08,7.08,1.0,68306.6,建筑,80355.0
2015-01-23,SZE_002163,7.11,7.11,1.0,68306.6,建筑,80355.0
2015-01-26,SZE_002163,7.29,7.29,1.0,68306.6,建筑,80355.0
2015-01-27,SZE_002163,7.22,7.22,1.0,68306.6,建筑,80355.0
2015-01-28,SZE_002163,7.13,7.13,1.0,68306.6,建筑,80355.0
2015-01-29,SZE_002163,7.07,7.07,1.0,68306.6,建筑,80355.0
2015-01-30,SZE_002163,7.1,7.1,1.0,68306.6,建筑,80355.0
2015-02-02,SZE_002163,6.92,6.92,1.0,68306.6,建筑,80355.0
2015-02-03,SZE_002163,6.95,6.95,1.0,68306.6,建筑,80355.0
2015-02-04,SZE_002163,6.9,6.9,1.0,68306.6,建筑,80355.0
2015-02-05,SZE_002163,6.7,6.7,1.0,68306.6,建筑,80355.0
2015-02-06,SZE_002163,6.57,6.57,1.0,68306.6,建筑,80355.0
2015-02-09,SZE_002163,6.51,6.51,1.0,68306.6,建筑,80355.0
2015-02-10,SZE_002163,6.66,6.66,1.0,68306.6,建筑,80355.0
2015-02-11,SZE_002163,6.92,6.92,1.0,68306.6,建筑,80355.0
2015-02-12,SZE_002163,6.89,6.89,1.0,68306.6,建筑,80355.0
2015-02-13,SZE_002163,6.95,6.95,1.0,68306.6,建筑,80355.0
2015-02-16,SZE_002163,7.01,7.01,1.0,68306.6,建筑,80355.0
2015-02-17,SZE_002163,7.08,7.08,1.0,68306.6,建筑,80355.0
2015-02-25,SZE_002163,7.09,7.09,1.0,68306.6,建筑,80355.0
2015-02-26,SZE_002163,7.23,7.23,1.0,68306.6,建筑,80355.0
2015-02-27,SZE_002163,7.27,7.27,1.0,68306.6,建筑,80355.0
2015-03-02,SZE_002163,7.31,7.31,1.0,68306.6,建筑,80355.0
2015-03-03,SZE_002163,7.16,7.16,1.0,68306.6,建筑,80355.0
2015-03-04,SZE_002163,7.18,7.18,1.0,68306.6,建筑,80355.0
2015-03-05,SZE_002163,7.54,7.54,1.0,68306.6,建筑,80355.0
2015-03-06,SZE_002163,7.78,7.78,1.0,68306.6,建筑,80355.0
2015-03-09,SZE_002163,7.55,7.55,1.0,68306.6,建筑,80355.0
2015-03-10,SZE_002163,7.7,7.7,1.0,68306.6,建筑,80355.0
2015-03-11,SZE_002163,7.67,7.67,1.0,68306.6,建筑,80355.0
2015-03-12,SZE_002163,7.42,7.42,1.0,68306.6,建筑,80355.0
2015-03-13,SZE_002163,7.35,7.35,1.0,68306.6,建筑,80355.0
2015-03-16,SZE_002163,7.63,7.63,1.0,68306.6,建筑,80355.0
2015-03-17,SZE_002163,7.81,7.81,1.0,68306.6,建筑,80355.0
2015-03-18,SZE_002163,8.2,8.2,1.0,68306.6,建筑,80355.0
2015-03-19,SZE_002163,8.61,8.61,1.0,68306.6,建筑,80355.0
2015-03-20,SZE_002163,9.04,9.04,1.0,68306.6,建筑,80355.0
2015-03-23,SZE_002163,9.49,9.49,1.0,68306.6,建筑,80355.0
2015-03-24,SZE_002163,9.46,9.46,1.0,68306.6,建筑,80355.0
2015-03-25,SZE_002163,9.13,9.13,1.0,68306.6,建筑,80355.0
2015-03-26,SZE_002163,9.21,9.21,1.0,68306.6,建筑,80355.0
2015-03-27,SZE_002163,9.37,9.37,1.0,68306.6,建筑,80355.0
2015-03-30,SZE_002163,9.27,9.27,1.0,68306.6,建筑,80355.0
2015-03-31,SZE_002163,8.81,8.81,1.0,68306.6,建筑,80355.0
2015-04-01,SZE_002163,8.99,8.99,1.0,68306.6,建筑,80355.0
2015-04-02,SZE_002163,9.44,9.44,1.0,68306.6,建筑,80355.0
2015-04-03,SZE_002163,9.63,9.63,1.0,68306.6,建筑,80355.0
2015-04-07,SZE_002163,9.62,9.62,1.0,68306.6,建筑,80355.0
2015-04-08,SZE_002163,9.39,9.39,1.0,68306.6,建筑,80355.0
2015-04-09,SZE_002163,9.12,9.12,1.0,68306.6,建筑,80355.0
2015-04-10,SZE_002163,9.33,9.33,1.0,68306.6,建筑,80355.0
2015-04-13,SZE_002163,9.49,9.49,1.0,68306.6,建筑,80355.0
2015-04-14,SZE_002163,9.28,9.28,1.0,68306.6,建筑,80355.0
2015-04-15,SZE_002163,9.74,9.74,1.0,68306.6,建筑,80355.0
2015-04-16,SZE_002163,10.18,10.18,1.0,68306.6,建筑,80355.0
2015-04-20,SZE_002163,10.69,10.69,1.0,68306.6,建筑,80355.0
2015-04-21,SZE_002163,10.74,10.74,1.0,68306.6,建筑,80355.0
2015-04-22,SZE_002163,10.85,10.85,1.0,68306.6,建筑,80355.0
2015-04-23,SZE_002163,11.39,11.39,1.0,68306.6,建筑,80355.0
2015-04-24,SZE_002163,11.96,11.96,1.0,68306.6,建筑,80355.0
2015-04-27,SZE_002163,11.96,11.96,1.0,68306.6,建筑,80355.0
2015-04-28,SZE_002163,11.39,11.39,1.0,68306.6,建筑,80355.0
2015-04-29,SZE_002163,11.77,11.77,1.0,68306.6,建筑,80355.0
2015-04-30,SZE_002163,11.76,11.76,1.0,68306.6,建筑,80355.0
2015-05-04,SZE_002163,11.66,11.66,1.0,68306.6,建筑,80355.0
2015-05-06,SZE_002163,11.4,11.4,0.0,68306.6,建筑,80355.0
2015-05-07,SZE_002163,10.26,10.26,0.0,68306.6,建筑,80355.0
2015-05-08,SZE_002163,10.32,10.32,0.0,68306.6,建筑,80355.0
2015-05-11,SZE_002163,10.64,10.64,0.0,68306.6,建筑,80355.0
2015-05-12,SZE_002163,11.07,11.07,0.0,68306.6,建筑,80355.0
2015-05-13,SZE_002163,10.78,10.78,0.0,68306.6,建筑,80355.0
2015-05-14,SZE_002163,10.66,10.66,0.0,68306.6,建筑,80355.0
2015-05-15,SZE_002163,10.82,10.82,0.0,68306.6,建筑,80355.0
2015-05-18,SZE_002163,11.53,11.53,0.0,68306.6,建筑,80355.0
2015-05-19,SZE_002163,11.58,11.58,0.0,68306.6,建筑,80355.0
2015-05-20,SZE_002163,11.9,11.9,0.0,68306.6,建筑,80355.0
2015-05-21,SZE_002163,12.1,12.1,0.0,68306.6,建筑,80355.0
2015-05-22,SZE_002163,12.07,12.07,0.0,68306.6,建筑,80355.0
2015-05-25,SZE_002163,13.28,13.28,0.0,68306.6,建筑,80355.0
2015-05-26,SZE_002163,14.61,14.61,0.0,68306.6,建筑,80355.0
2015-05-27,SZE_002163,16.07,16.07,0.0,68306.6,建筑,80355.0
2015-05-28,SZE_002163,16.07,16.07,0.0,68306.6,建筑,80355.0
2015-05-29,SZE_002163,16.63,16.63,0.0,68306.6,建筑,80355.0
2015-06-01,SZE_002163,18.29,18.29,0.0,68306.6,建筑,80355.0
2015-06-02,SZE_002163,20.12,20.12,0.0,68306.6,建筑,80355.0
2015-06-03,SZE_002163,18.98,18.98,0.0,68306.6,建筑,80355.0
2015-06-04,SZE_002163,18.25,18.25,0.0,68306.6,建筑,80355.0
2015-06-05,SZE_002163,19.04,19.04,0.0,68306.6,建筑,80355.0
2015-06-08,SZE_002163,17.99,17.99,0.0,68306.6,建筑,80355.0
2015-06-09,SZE_002163,17.79,17.79,0.0,68306.6,建筑,80355.0
2015-06-10,SZE_002163,18.1,18.1,0.0,68306.6,建筑,80355.0
2015-06-11,SZE_002163,19.24,19.24,0.0,68306.6,建筑,80355.0
2015-06-12,SZE_002163,19.69,19.69,0.0,68306.6,建筑,80355.0
2015-06-15,SZE_002163,18.41,18.41,0.0,68306.6,建筑,80355.0
2015-06-16,SZE_002163,17.1,17.1,0.0,68306.6,建筑,80355.0
2015-06-17,SZE_002163,17.31,17.31,0.0,68306.6,建筑,80355.0
2015-06-18,SZE_002163,16.91,16.91,0.0,68306.6,建筑,80355.0
2015-06-19,SZE_002163,15.22,15.22,0.0,68306.6,建筑,80355.0
2015-06-23,SZE_002163,14.95,14.95,0.0,68306.6,建筑,80355.0
2015-06-24,SZE_002163,15.6,15.6,0.0,68306.6,建筑,80355.0
2015-06-25,SZE_002163,15.41,15.41,0.0,68306.6,建筑,80355.0
2015-06-26,SZE_002163,13.87,13.87,0.0,68306.6,建筑,80355.0
2015-06-29,SZE_002163,12.48,12.48,0.0,68306.6,建筑,80355.0
2015-06-30,SZE_002163,12.92,12.92,0.0,68108.6,建筑,80355.0
2015-07-01,SZE_002163,11.63,11.63,0.0,68108.6,建筑,80355.0
2015-07-02,SZE_002163,10.47,10.47,0.0,68108.6,建筑,80355.0
2015-07-03,SZE_002163,9.42,9.42,0.0,68108.6,建筑,80355.0
2015-07-06,SZE_002163,8.48,8.48,0.0,68108.6,建筑,80355.0
2015-07-07,SZE_002163,7.63,7.63,0.0,68108.6,建筑,80355.0
2015-07-08,SZE_002163,6.87,6.87,0.0,68108.6,建筑,80355.0
2015-07-09,SZE_002163,7.56,7.56,0.0,68108.6,建筑,80355.0
2015-07-10,SZE_002163,8.32,8.32,0.0,68108.6,建筑,80355.0
2015-07-13,SZE_002163,9.15,9.15,0.0,68108.6,建筑,80355.0
2015-07-14,SZE_002163,10.07,10.07,0.0,68108.6,建筑,80355.0
2015-07-15,SZE_002163,9.06,9.06,0.0,68108.6,建筑,80355.0
2015-07-16,SZE_002163,9.57,9.57,0.0,68108.6,建筑,80355.0
2015-07-17,SZE_002163,10.53,10.53,0.0,68108.6,建筑,80355.0
2015-07-20,SZE_002163,11.58,11.58,0.0,68108.6,建筑,80355.0
2015-07-21,SZE_002163,11.71,11.71,0.0,68108.6,建筑,80355.0
2015-07-22,SZE_002163,12.88,12.88,0.0,68108.6,建筑,80355.0
2015-07-23,SZE_002163,14.17,14.17,0.0,68108.6,建筑,80355.0
2015-07-24,SZE_002163,15.59,15.59,0.0,68108.6,建筑,80355.0
2015-07-27,SZE_002163,14.03,14.03,0.0,68108.6,建筑,80355.0
2015-07-28,SZE_002163,12.63,12.63,0.0,68108.6,建筑,80355.0
2015-07-29,SZE_002163,13.89,13.89,0.0,68108.6,建筑,80355.0
2015-07-30,SZE_002163,14.08,14.08,0.0,68108.6,建筑,80355.0
2015-07-31,SZE_002163,12.99,12.99,0.0,68108.6,建筑,80355.0
2015-08-03,SZE_002163,11.69,11.69,0.0,68108.6,建筑,80355.0
2015-08-04,SZE_002163,12.86,12.86,0.0,68108.6,建筑,80355.0
2015-08-05,SZE_002163,12.9,12.9,0.0,68108.6,建筑,80355.0
2015-08-06,SZE_002163,12.42,12.42,0.0,68108.6,建筑,80355.0
2015-08-07,SZE_002163,12.84,12.84,0.0,68108.6,建筑,80355.0
2015-08-10,SZE_002163,14.12,14.12,0.0,68108.6,建筑,80355.0
2015-08-11,SZE_002163,13.99,13.99,0.0,68108.6,建筑,80355.0
2015-08-12,SZE_002163,14.57,14.57,0.0,68108.6,建筑,80355.0
2015-08-13,SZE_002163,14.81,14.81,0.0,68108.6,建筑,80355.0
2015-08-14,SZE_002163,14.69,14.69,0.0,68108.6,建筑,80355.0
2015-08-17,SZE_002163,14.94,14.94,0.0,68108.6,建筑,80355.0
2015-08-18,SZE_002163,13.45,13.45,0.0,68108.6,建筑,80355.0
2015-08-19,SZE_002163,13.38,13.38,0.0,68108.6,建筑,80355.0
2015-08-20,SZE_002163,12.19,12.19,0.0,68108.6,建筑,80355.0
2015-08-21,SZE_002163,11.68,11.68,0.0,68108.6,建筑,80355.0
2015-08-24,SZE_002163,10.51,10.51,0.0,68108.6,建筑,80355.0
2015-08-25,SZE_002163,9.46,9.46,0.0,68108.6,建筑,80355.0
2015-08-26,SZE_002163,8.51,8.51,0.0,68108.6,建筑,80355.0
2015-08-27,SZE_002163,8.68,8.68,0.0,68108.6,建筑,80355.0
2015-08-28,SZE_002163,9.55,9.55,0.0,68108.6,建筑,80355.0
2015-08-31,SZE_002163,9.42,9.42,0.0,68108.6,建筑,80355.0
2015-09-01,SZE_002163,8.48,8.48,0.0,68108.6,建筑,80355.0
2015-09-02,SZE_002163,7.63,7.63,0.0,68108.6,建筑,80355.0
2015-09-07,SZE_002163,7.19,7.19,0.0,68108.6,建筑,80355.0
2015-09-08,SZE_002163,7.62,7.62,0.0,68108.6,建筑,80355.0
2015-09-09,SZE_002163,8.06,8.06,0.0,68108.6,建筑,80355.0
2015-09-10,SZE_002163,7.94,7.94,0.0,68108.6,建筑,80355.0
2015-09-11,SZE_002163,7.85,7.85,0.0,68108.6,建筑,80355.0
2015-09-14,SZE_002163,7.07,7.07,0.0,68108.6,建筑,80355.0
2015-09-15,SZE_002163,6.37,6.37,0.0,68108.6,建筑,80355.0
2015-09-16,SZE_002163,7.01,7.01,0.0,68108.6,建筑,80355.0
2015-09-17,SZE_002163,7.0,7.0,0.0,68108.6,建筑,80355.0
2015-09-18,SZE_002163,7.16,7.16,0.0,68108.6,建筑,80355.0
2015-09-21,SZE_002163,7.6,7.6,0.0,68108.6,建筑,80355.0
2015-09-22,SZE_002163,7.51,7.51,0.0,68108.6,建筑,80355.0
2015-09-23,SZE_002163,7.4,7.4,0.0,68108.6,建筑,80355.0
2015-09-24,SZE_002163,7.61,7.61,0.0,68108.6,建筑,80355.0
2015-09-25,SZE_002163,7.51,7.51,0.0,68108.6,建筑,80355.0
2015-09-28,SZE_002163,7.51,7.51,0.0,68108.6,建筑,80355.0
2015-09-29,SZE_002163,7.16,7.16,0.0,68108.6,建筑,80355.0
2015-09-30,SZE_002163,7.59,7.59,0.0,68108.6,建筑,80355.0
2015-10-08,SZE_002163,7.93,7.93,0.0,68108.6,建筑,80355.0
2015-10-09,SZE_002163,8.72,8.72,0.0,68108.6,建筑,80355.0
2015-10-12,SZE_002163,9.06,9.06,0.0,68108.6,建筑,80355.0
2015-10-13,SZE_002163,9.22,9.22,0.0,68108.6,建筑,80355.0
2015-10-14,SZE_002163,8.91,8.91,0.0,68108.6,建筑,80355.0
2015-10-15,SZE_002163,9.28,9.28,0.0,68108.6,建筑,80355.0
2015-10-16,SZE_002163,9.3,9.3,0.0,68108.6,建筑,80355.0
2015-10-19,SZE_002163,9.43,9.43,0.0,68108.6,建筑,80355.0
2015-10-20,SZE_002163,9.85,9.85,0.0,68108.6,建筑,80355.0
2015-10-21,SZE_002163,8.87,8.87,0.0,68108.6,建筑,80355.0
2015-10-22,SZE_002163,9.29,9.29,0.0,68108.6,建筑,80355.0
2015-10-23,SZE_002163,9.46,9.46,0.0,68108.6,建筑,80355.0
2015-10-26,SZE_002163,9.5,9.5,0.0,68108.6,建筑,80355.0
2015-10-27,SZE_002163,10.45,10.45,0.0,68108.6,建筑,80355.0
2015-10-28,SZE_002163,9.82,9.82,0.0,68108.6,建筑,80355.0
2015-10-29,SZE_002163,9.92,9.92,0.0,68108.6,建筑,80355.0
2015-10-30,SZE_002163,9.72,9.72,0.0,68108.6,建筑,80355.0
2015-11-02,SZE_002163,9.2,9.2,0.0,68108.6,建筑,80355.0
2015-11-03,SZE_002163,9.2,9.2,0.0,68108.6,建筑,80355.0
2015-11-04,SZE_002163,9.68,9.68,0.0,68108.6,建筑,80355.0
2015-11-05,SZE_002163,9.77,9.77,0.0,68108.6,建筑,80355.0
2015-11-06,SZE_002163,10.06,10.06,0.0,68108.6,建筑,80355.0
2015-11-09,SZE_002163,10.04,10.04,0.0,68108.6,建筑,80355.0
2015-11-10,SZE_002163,10.2,10.2,0.0,68108.6,建筑,80355.0
2015-11-11,SZE_002163,10.34,10.34,0.0,68108.6,建筑,80355.0
2015-11-12,SZE_002163,10.72,10.72,0.0,68108.6,建筑,80355.0
2015-11-13,SZE_002163,10.06,10.06,0.0,68108.6,建筑,80355.0
2015-11-16,SZE_002163,10.2,10.2,0.0,68108.6,建筑,80355.0
2015-11-17,SZE_002163,10.35,10.35,0.0,68108.6,建筑,80355.0
2015-11-18,SZE_002163,10.0,10.0,0.0,68108.6,建筑,80355.0
2015-11-19,SZE_002163,10.17,10.17,0.0,68108.6,建筑,80355.0
2015-11-20,SZE_002163,10.31,10.31,0.0,68108.6,建筑,80355.0
2015-11-23,SZE_002163,10.35,10.35,0.0,68108.6,建筑,80355.0
2015-11-24,SZE_002163,10.31,10.31,0.0,68108.6,建筑,80355.0
2015-11-25,SZE_002163,10.45,10.45,0.0,68108.6,建筑,80355.0
2015-11-26,SZE_002163,10.58,10.58,0.0,68108.6,建筑,80355.0
2015-11-27,SZE_002163,9.95,9.95,0.0,68108.6,建筑,80355.0
2015-11-30,SZE_002163,10.12,10.12,0.0,68108.6,建筑,80355.0
2015-12-01,SZE_002163,11.13,11.13,0.0,68108.6,建筑,80355.0
2015-12-02,SZE_002163,10.86,10.86,0.0,68108.6,建筑,80355.0
2015-12-03,SZE_002163,11.2,11.2,0.0,68108.6,建筑,80355.0
2015-12-04,SZE_002163,11.3,11.3,0.0,68108.6,建筑,80355.0
2015-12-07,SZE_002163,11.11,11.11,0.0,68108.6,建筑,80355.0
2015-12-08,SZE_002163,10.41,10.41,0.0,68108.6,建筑,80355.0
2015-12-09,SZE_002163,10.48,10.48,0.0,68108.6,建筑,80355.0
2015-12-10,SZE_002163,10.07,10.07,0.0,68108.6,建筑,80355.0
2015-12-11,SZE_002163,9.81,9.81,0.0,68108.6,建筑,80355.0
2015-12-14,SZE_002163,10.5,10.5,0.0,68108.6,建筑,80355.0
2015-12-15,SZE_002163,10.49,10.49,0.0,68108.6,建筑,80355.0
2015-12-16,SZE_002163,10.69,10.69,0.0,68108.6,建筑,80355.0
2015-12-17,SZE_002163,10.84,10.84,0.0,68108.6,建筑,80355.0
2015-12-18,SZE_002163,10.62,10.62,0.0,68108.6,建筑,80355.0
2015-12-21,SZE_002163,10.7,10.7,0.0,68108.6,建筑,80355.0
2015-12-22,SZE_002163,11.08,11.08,0.0,68108.6,建筑,80355.0
2015-12-23,SZE_002163,10.79,10.79,0.0,68108.6,建筑,80355.0
2015-12-24,SZE_002163,11.11,11.11,0.0,68108.6,建筑,80355.0
2015-12-25,SZE_002163,11.05,11.05,0.0,68108.6,建筑,80355.0
2015-12-28,SZE_002163,10.57,10.57,0.0,68108.6,建筑,80355.0
2015-12-29,SZE_002163,10.76,10.76,0.0,68108.6,建筑,80355.0
2015-12-30,SZE_002163,10.72,10.72,0.0,68108.6,建筑,80355.0
2015-12-31,SZE_002163,10.4,10.4,0.0,74215.5,建筑,80355.0
2016-01-04,SZE_002163,9.36,9.36,0.0,74215.5,建筑,80355.0
2016-01-05,SZE_002163,8.99,8.99,0.0,74215.5,建筑,80355.0
2016-01-06,SZE_002163,9.17,9.17,0.0,74215.5,建筑,80355.0
2016-01-07,SZE_002163,8.25,8.25,0.0,74215.5,建筑,80355.0
2016-01-08,SZE_002163,8.16,8.16,0.0,74215.5,建筑,80355.0
2016-01-11,SZE_002163,7.34,7.34,0.0,74215.5,建筑,80355.0
2016-01-12,SZE_002163,7.25,7.25,0.0,74215.5,建筑,80355.0
2016-01-13,SZE_002163,7.08,7.08,0.0,74215.5,建筑,80355.0
2016-01-14,SZE_002163,7.32,7.32,0.0,74215.5,建筑,80355.0
2016-01-15,SZE_002163,7.12,7.12,0.0,74215.5,建筑,80355.0
2016-01-18,SZE_002163,7.29,7.29,0.0,74215.5,建筑,80355.0
2016-01-19,SZE_002163,7.57,7.57,0.0,74215.5,建筑,80355.0
2016-01-20,SZE_002163,7.55,7.55,0.0,74215.5,建筑,80355.0
2016-01-21,SZE_002163,7.03,7.03,0.0,74215.5,建筑,80355.0
2016-01-22,SZE_002163,7.17,7.17,0.0,74215.5,建筑,80355.0
2016-01-25,SZE_002163,7.17,7.17,0.0,74215.5,建筑,80355.0
2016-01-26,SZE_002163,6.46,6.46,0.0,74215.5,建筑,80355.0
2016-01-27,SZE_002163,6.45,6.45,0.0,74215.5,建筑,80355.0
2016-01-28,SZE_002163,6.03,6.03,0.0,74215.5,建筑,80355.0
2016-01-29,SZE_002163,6.31,6.31,0.0,74215.5,建筑,80355.0
2016-02-01,SZE_002163,6.28,6.28,0.0,74215.5,建筑,80355.0
2016-02-02,SZE_002163,6.48,6.48,0.0,74215.5,建筑,80355.0
2016-02-03,SZE_002163,6.47,6.47,0.0,74215.5,建筑,80355.0
2016-02-04,SZE_002163,6.63,6.63,0.0,74215.5,建筑,80355.0
2016-02-05,SZE_002163,6.6,6.6,0.0,74215.5,建筑,80355.0
2016-02-15,SZE_002163,6.54,6.54,0.0,74215.5,建筑,80355.0
2016-02-16,SZE_002163,6.82,6.82,0.0,74215.5,建筑,80355.0
2016-02-17,SZE_002163,7.06,7.06,0.0,74215.5,建筑,80355.0
2016-02-18,SZE_002163,7.15,7.15,0.0,74215.5,建筑,80355.0
2016-02-19,SZE_002163,7.87,7.87,0.0,74215.5,建筑,80355.0
2016-02-22,SZE_002163,8.66,8.66,0.0,74215.5,建筑,80355.0
2016-02-23,SZE_002163,8.96,8.96,0.0,74215.5,建筑,80355.0
2016-02-24,SZE_002163,8.7,8.7,0.0,74215.5,建筑,80355.0
2016-02-25,SZE_002163,7.83,7.83,0.0,74215.5,建筑,80355.0
2016-02-26,SZE_002163,7.59,7.59,0.0,74215.5,建筑,80355.0
2016-02-29,SZE_002163,6.86,6.86,0.0,74215.5,建筑,80355.0
2016-03-01,SZE_002163,7.2,7.2,0.0,74215.5,建筑,80355.0
2016-03-02,SZE_002163,7.68,7.68,0.0,74215.5,建筑,80355.0
2016-03-03,SZE_002163,7.91,7.91,0.0,74215.5,建筑,80355.0
2016-03-04,SZE_002163,7.58,7.58,0.0,74215.5,建筑,80355.0
2016-03-07,SZE_002163,7.78,7.78,0.0,74215.5,建筑,80355.0
2016-03-08,SZE_002163,7.71,7.71,0.0,74215.5,建筑,80355.0
2016-03-09,SZE_002163,7.35,7.35,0.0,74215.5,建筑,80355.0
2016-03-10,SZE_002163,7.23,7.23,0.0,74215.5,建筑,80355.0
2016-03-11,SZE_002163,7.3,7.3,0.0,74215.5,建筑,80355.0
2016-03-14,SZE_002163,7.52,7.52,0.0,74215.5,建筑,80355.0
2016-03-15,SZE_002163,7.35,7.35,0.0,74215.5,建筑,80355.0
2016-03-16,SZE_002163,7.46,7.46,0.0,74215.5,建筑,80355.0
2016-03-17,SZE_002163,7.63,7.63,0.0,74215.5,建筑,80355.0
2016-03-18,SZE_002163,8.33,8.33,0.0,74215.5,建筑,80355.0
2016-03-21,SZE_002163,8.36,8.36,0.0,74215.5,建筑,80355.0
2016-03-22,SZE_002163,8.22,8.22,0.0,74215.5,建筑,80355.0
2016-03-23,SZE_002163,8.16,8.16,0.0,74215.5,建筑,80355.0
2016-03-24,SZE_002163,7.94,7.94,0.0,74215.5,建筑,80355.0
2016-03-25,SZE_002163,8.0,8.0,0.0,74215.5,建筑,80355.0
2016-03-28,SZE_002163,7.92,7.92,0.0,74215.5,建筑,80355.0
2016-03-29,SZE_002163,7.8,7.8,0.0,74215.5,建筑,80355.0
2016-03-30,SZE_002163,8.04,8.04,0.0,74215.5,建筑,80355.0
2016-03-31,SZE_002163,7.96,7.96,0.0,74215.5,建筑,80355.0
2016-04-01,SZE_002163,7.86,7.86,0.0,74215.5,建筑,80355.0
2016-04-05,SZE_002163,8.1,8.1,0.0,74215.5,建筑,80355.0
2016-04-06,SZE_002163,8.14,8.14,0.0,74215.5,建筑,80355.0
2016-04-07,SZE_002163,7.88,7.88,0.0,74215.5,建筑,80355.0
2016-04-08,SZE_002163,7.76,7.76,0.0,74215.5,建筑,80355.0
2016-04-11,SZE_002163,7.89,7.89,0.0,74215.5,建筑,80355.0
2016-04-12,SZE_002163,7.74,7.74,0.0,74215.5,建筑,80355.0
2016-04-13,SZE_002163,7.86,7.86,0.0,74215.5,建筑,80355.0
2016-04-14,SZE_002163,7.89,7.89,0.0,74215.5,建筑,80355.0
2016-04-15,SZE_002163,8.05,8.05,0.0,74215.5,建筑,80355.0
2016-04-18,SZE_002163,7.82,7.82,0.0,74215.5,建筑,80355.0
2016-04-19,SZE_002163,7.88,7.88,0.0,74215.5,建筑,80355.0
2016-04-20,SZE_002163,7.47,7.47,0.0,74215.5,建筑,80355.0
2016-04-21,SZE_002163,7.28,7.28,0.0,74215.5,建筑,80355.0
2016-04-22,SZE_002163,7.31,7.31,0.0,74215.5,建筑,80355.0
2016-04-25,SZE_002163,7.26,7.26,0.0,74215.5,建筑,80355.0
2016-04-26,SZE_002163,7.33,7.33,0.0,74215.5,建筑,80355.0
2016-04-27,SZE_002163,7.37,7.37,0.0,74215.5,建筑,80355.0
2016-04-28,SZE_002163,7.3,7.3,0.0,74215.5,建筑,80355.0
2016-04-29,SZE_002163,7.33,7.33,0.0,74215.5,建筑,80355.0
2016-05-03,SZE_002163,7.58,7.58,0.0,74215.5,建筑,80355.0
2016-05-04,SZE_002163,7.51,7.51,0.0,74215.5,建筑,80355.0
2016-05-05,SZE_002163,7.56,7.56,0.0,74215.5,建筑,80355.0
2016-05-06,SZE_002163,7.08,7.08,0.0,74215.5,建筑,80355.0
2016-05-09,SZE_002163,6.68,6.68,0.0,74215.5,建筑,80355.0
2016-05-10,SZE_002163,6.75,6.75,0.0,74215.5,建筑,80355.0
2016-05-11,SZE_002163,6.63,6.63,0.0,74215.5,建筑,80355.0
2016-05-12,SZE_002163,6.58,6.58,0.0,74215.5,建筑,80355.0
2016-05-13,SZE_002163,6.63,6.63,0.0,74215.5,建筑,80355.0
2016-05-16,SZE_002163,6.7,6.7,0.0,74215.5,建筑,80355.0
2016-05-17,SZE_002163,6.69,6.69,0.0,74215.5,建筑,80355.0
2016-05-18,SZE_002163,6.42,6.42,0.0,74215.5,建筑,80355.0
2016-05-19,SZE_002163,6.43,6.43,0.0,74215.5,建筑,80355.0
2016-05-20,SZE_002163,6.3,6.3,0.0,74215.5,建筑,80355.0
2016-05-23,SZE_002163,6.4,6.4,0.0,74215.5,建筑,80355.0
2016-05-24,SZE_002163,6.29,6.29,0.0,74215.5,建筑,80355.0
2016-05-25,SZE_002163,6.25,6.25,0.0,74215.5,建筑,80355.0
2016-05-26,SZE_002163,6.13,6.13,0.0,74215.5,建筑,80355.0
2016-05-27,SZE_002163,6.29,6.29,0.0,74215.5,建筑,80355.0
2016-05-30,SZE_002163,6.31,6.31,0.0,74215.5,建筑,80355.0
2016-05-31,SZE_002163,6.78,6.78,0.0,74215.5,建筑,80355.0
2016-06-01,SZE_002163,6.8,6.8,0.0,74215.5,建筑,80355.0
2016-06-02,SZE_002163,7.48,7.48,0.0,74215.5,建筑,80355.0
2016-06-03,SZE_002163,7.56,7.56,0.0,74215.5,建筑,80355.0
2016-06-06,SZE_002163,7.25,7.25,0.0,74215.5,建筑,80355.0
2016-06-07,SZE_002163,7.08,7.08,0.0,74215.5,建筑,80355.0
2016-06-08,SZE_002163,7.08,7.08,0.0,74215.5,建筑,80355.0
2016-06-13,SZE_002163,6.72,6.72,0.0,74215.5,建筑,80355.0
2016-06-14,SZE_002163,6.62,6.62,0.0,74215.5,建筑,80355.0
2016-06-15,SZE_002163,6.96,6.96,0.0,74215.5,建筑,80355.0
2016-06-16,SZE_002163,6.85,6.85,0.0,74215.5,建筑,80355.0
2016-06-17,SZE_002163,6.8,6.8,0.0,74215.5,建筑,80355.0
2016-06-20,SZE_002163,6.78,6.78,0.0,74215.5,建筑,80355.0
2016-06-21,SZE_002163,6.66,6.66,0.0,74215.5,建筑,80355.0
2016-06-22,SZE_002163,6.76,6.76,0.0,74215.5,建筑,80355.0
2016-06-23,SZE_002163,6.71,6.71,0.0,74215.5,建筑,80355.0
2016-06-24,SZE_002163,6.55,6.55,0.0,74215.5,建筑,80355.0
2016-06-27,SZE_002163,6.7,6.7,0.0,74215.5,建筑,80355.0
2016-06-28,SZE_002163,6.92,6.92,0.0,74215.5,建筑,80355.0
2016-06-29,SZE_002163,7.04,7.04,0.0,74215.5,建筑,80355.0
2016-06-30,SZE_002163,7.16,7.16,0.0,74223.4,建筑,80355.0
2016-07-01,SZE_002163,7.01,7.01,0.0,74223.4,建筑,80355.0
2016-07-04,SZE_002163,7.24,7.24,0.0,74223.4,建筑,80355.0
2016-07-05,SZE_002163,7.18,7.18,0.0,74223.4,建筑,80355.0
2016-07-06,SZE_002163,7.16,7.16,0.0,74223.4,建筑,80355.0
2016-07-07,SZE_002163,7.14,7.14,0.0,74223.4,建筑,80355.0
2016-07-08,SZE_002163,7.19,7.19,0.0,74223.4,建筑,80355.0
2016-07-11,SZE_002163,7.14,7.14,0.0,74223.4,建筑,80355.0
2016-07-12,SZE_002163,7.21,7.21,0.0,74223.4,建筑,80355.0
2016-07-13,SZE_002163,7.23,7.23,0.0,74223.4,建筑,80355.0
2016-07-14,SZE_002163,7.36,7.36,0.0,74223.4,建筑,80355.0
2016-07-15,SZE_002163,7.26,7.26,0.0,74223.4,建筑,80355.0
2016-07-18,SZE_002163,7.14,7.14,0.0,74223.4,建筑,80355.0
2016-07-19,SZE_002163,7.2,7.2,0.0,74223.4,建筑,80355.0
2016-07-20,SZE_002163,7.21,7.21,0.0,74223.4,建筑,80355.0
2016-07-21,SZE_002163,7.33,7.33,0.0,74223.4,建筑,80355.0
2016-07-22,SZE_002163,7.38,7.38,0.0,74223.4,建筑,80355.0
2016-07-25,SZE_002163,7.7,7.7,0.0,74223.4,建筑,80355.0
2016-07-26,SZE_002163,7.62,7.62,0.0,74223.4,建筑,80355.0
2016-07-27,SZE_002163,7.15,7.15,0.0,74223.4,建筑,80355.0
2016-07-28,SZE_002163,7.05,7.05,0.0,74223.4,建筑,80355.0
2016-07-29,SZE_002163,6.99,6.99,0.0,74223.4,建筑,80355.0
2016-08-01,SZE_002163,6.81,6.81,0.0,74223.4,建筑,80355.0
2016-08-02,SZE_002163,6.9,6.9,0.0,74223.4,建筑,80355.0
2016-08-03,SZE_002163,6.97,6.97,0.0,74223.4,建筑,80355.0
2016-08-04,SZE_002163,7.02,7.02,0.0,74223.4,建筑,80355.0
2016-08-05,SZE_002163,6.95,6.95,0.0,74223.4,建筑,80355.0
2016-08-08,SZE_002163,7.08,7.08,0.0,74223.4,建筑,80355.0
2016-08-09,SZE_002163,7.18,7.18,0.0,74223.4,建筑,80355.0
2016-08-10,SZE_002163,7.11,7.11,0.0,74223.4,建筑,80355.0
2016-08-11,SZE_002163,7.0,7.0,0.0,74223.4,建筑,80355.0
2016-08-12,SZE_002163,7.06,7.06,0.0,74223.4,建筑,80355.0
2016-08-15,SZE_002163,7.18,7.18,0.0,74223.4,建筑,80355.0
2016-08-16,SZE_002163,7.29,7.29,0.0,74223.4,建筑,80355.0
2016-08-17,SZE_002163,7.32,7.32,0.0,74223.4,建筑,80355.0
2016-08-18,SZE_002163,7.52,7.52,0.0,74223.4,建筑,80355.0
2016-08-19,SZE_002163,8.1,8.1,0.0,74223.4,建筑,80355.0
2016-08-22,SZE_002163,7.44,7.44,0.0,74223.4,建筑,80355.0
2016-08-23,SZE_002163,7.49,7.49,0.0,74223.4,建筑,80355.0
2016-08-24,SZE_002163,7.47,7.47,0.0,74223.4,建筑,80355.0
2016-08-25,SZE_002163,7.3,7.3,0.0,74223.4,建筑,80355.0
2016-08-26,SZE_002163,7.38,7.38,0.0,74223.4,建筑,80355.0
2016-08-29,SZE_002163,7.39,7.39,0.0,74223.4,建筑,80355.0
2016-08-30,SZE_002163,7.85,7.85,0.0,74223.4,建筑,80355.0
2016-08-31,SZE_002163,7.96,7.96,0.0,74223.4,建筑,80355.0
2016-09-01,SZE_002163,7.83,7.83,0.0,74223.4,建筑,80355.0
2016-09-02,SZE_002163,8.21,8.21,0.0,74223.4,建筑,80355.0
2016-09-05,SZE_002163,8.29,8.29,0.0,74223.4,建筑,80355.0
2016-09-06,SZE_002163,8.28,8.28,0.0,74223.4,建筑,80355.0
2016-09-07,SZE_002163,8.19,8.19,0.0,74223.4,建筑,80355.0
2016-09-08,SZE_002163,8.1,8.1,0.0,74223.4,建筑,80355.0
2016-09-09,SZE_002163,8.1,8.1,0.0,74223.4,建筑,80355.0
2016-09-12,SZE_002163,7.68,7.68,0.0,74223.4,建筑,80355.0
2016-09-13,SZE_002163,8.17,8.17,0.0,74223.4,建筑,80355.0
2016-09-14,SZE_002163,8.21,8.21,0.0,74223.4,建筑,80355.0
2016-09-19,SZE_002163,8.28,8.28,0.0,74223.4,建筑,80355.0
2016-09-20,SZE_002163,8.13,8.13,0.0,74223.4,建筑,80355.0
2016-09-21,SZE_002163,8.08,8.08,0.0,74223.4,建筑,80355.0
2016-09-22,SZE_002163,8.09,8.09,0.0,74223.4,建筑,80355.0
2016-09-23,SZE_002163,7.96,7.96,0.0,74223.4,建筑,80355.0
2016-09-26,SZE_002163,7.58,7.58,0.0,74223.4,建筑,80355.0
2016-09-27,SZE_002163,7.74,7.74,0.0,74223.4,建筑,80355.0
2016-09-28,SZE_002163,7.69,7.69,0.0,74223.4,建筑,80355.0
2016-09-29,SZE_002163,7.73,7.73,0.0,74223.4,建筑,80355.0
2016-09-30,SZE_002163,7.98,7.98,0.0,74223.4,建筑,80355.0
2016-10-10,SZE_002163,8.1,8.1,0.0,74223.4,建筑,80355.0
2016-10-11,SZE_002163,8.07,8.07,0.0,74223.4,建筑,80355.0
2016-10-12,SZE_002163,8.23,8.23,0.0,74223.4,建筑,80355.0
2016-10-13,SZE_002163,8.26,8.26,0.0,74223.4,建筑,80355.0
2016-10-14,SZE_002163,8.26,8.26,0.0,74223.4,建筑,80355.0
2016-10-17,SZE_002163,8.11,8.11,0.0,74223.4,建筑,80355.0
2016-10-18,SZE_002163,8.33,8.33,0.0,74223.4,建筑,80355.0
2016-10-19,SZE_002163,8.31,8.31,0.0,74223.4,建筑,80355.0
2016-10-20,SZE_002163,8.17,8.17,0.0,74223.4,建筑,80355.0
2016-10-21,SZE_002163,8.0,8.0,0.0,74223.4,建筑,80355.0
2016-10-24,SZE_002163,8.07,8.07,0.0,74223.4,建筑,80355.0
2016-10-25,SZE_002163,8.22,8.22,0.0,74223.4,建筑,80355.0
2016-10-26,SZE_002163,8.11,8.11,0.0,74223.4,建筑,80355.0
2016-10-27,SZE_002163,8.04,8.04,0.0,74223.4,建筑,80355.0
2016-10-28,SZE_002163,8.04,8.04,0.0,74223.4,建筑,80355.0
2016-10-31,SZE_002163,7.92,7.92,0.0,74223.4,建筑,80355.0
2016-11-01,SZE_002163,8.01,8.01,0.0,74223.4,建筑,80355.0
2016-11-02,SZE_002163,7.93,7.93,0.0,74223.4,建筑,80355.0
2016-11-03,SZE_002163,8.2,8.2,0.0,74223.4,建筑,80355.0
2016-11-04,SZE_002163,8.14,8.14,0.0,74223.4,建筑,80355.0
2016-11-07,SZE_002163,8.32,8.32,0.0,74223.4,建筑,80355.0
2016-11-08,SZE_002163,8.47,8.47,0.0,74223.4,建筑,80355.0
2016-11-09,SZE_002163,8.24,8.24,0.0,74223.4,建筑,80355.0
2016-11-10,SZE_002163,8.38,8.38,0.0,74223.4,建筑,80355.0
2016-11-11,SZE_002163,8.3,8.3,0.0,74223.4,建筑,80355.0
2016-11-14,SZE_002163,8.52,8.52,0.0,74223.4,建筑,80355.0
2016-11-15,SZE_002163,8.75,8.75,0.0,74223.4,建筑,80355.0
2016-11-16,SZE_002163,8.75,8.75,0.0,74223.4,建筑,80355.0
2016-11-17,SZE_002163,8.59,8.59,0.0,74223.4,建筑,80355.0
2016-11-18,SZE_002163,8.59,8.59,0.0,74223.4,建筑,80355.0
2016-11-21,SZE_002163,8.55,8.55,0.0,74223.4,建筑,80355.0
2016-11-22,SZE_002163,8.56,8.56,0.0,74223.4,建筑,80355.0
2016-11-23,SZE_002163,8.38,8.38,0.0,74223.4,建筑,80355.0
2016-11-24,SZE_002163,8.34,8.34,0.0,74223.4,建筑,80355.0
2016-11-25,SZE_002163,8.42,8.42,0.0,74223.4,建筑,80355.0
2016-11-28,SZE_002163,8.54,8.54,0.0,74223.4,建筑,80355.0
2016-11-29,SZE_002163,9.06,9.06,0.0,74223.4,建筑,80355.0
2016-11-30,SZE_002163,8.51,8.51,0.0,74223.4,建筑,80355.0
2016-12-01,SZE_002163,8.89,8.89,0.0,74223.4,建筑,80355.0
2016-12-02,SZE_002163,9.0,9.0,0.0,74223.4,建筑,80355.0
2016-12-05,SZE_002163,9.9,9.9,0.0,74223.4,建筑,80355.0
2016-12-06,SZE_002163,9.69,9.69,0.0,74223.4,建筑,80355.0
2016-12-07,SZE_002163,10.66,10.66,0.0,74223.4,建筑,80355.0
2016-12-08,SZE_002163,10.5,10.5,0.0,74223.4,建筑,80355.0
2016-12-09,SZE_002163,10.09,10.09,0.0,74223.4,建筑,80355.0
2016-12-12,SZE_002163,10.06,10.06,0.0,74223.4,建筑,80355.0
2016-12-13,SZE_002163,10.49,10.49,0.0,74223.4,建筑,80355.0
2016-12-14,SZE_002163,10.39,10.39,0.0,74223.4,建筑,80355.0
2016-12-15,SZE_002163,10.71,10.71,0.0,74223.4,建筑,80355.0
2016-12-16,SZE_002163,10.58,10.58,0.0,74223.4,建筑,80355.0
2016-12-19,SZE_002163,9.84,9.84,0.0,74223.4,建筑,80355.0
2016-12-20,SZE_002163,9.93,9.93,0.0,74223.4,建筑,80355.0
2016-12-21,SZE_002163,10.2,10.2,0.0,74223.4,建筑,80355.0
2016-12-22,SZE_002163,10.0,10.0,0.0,74223.4,建筑,80355.0
2016-12-23,SZE_002163,9.99,9.99,0.0,74223.4,建筑,80355.0
2016-12-26,SZE_002163,9.77,9.77,0.0,74223.4,建筑,80355.0
2016-12-27,SZE_002163,9.86,9.86,0.0,74223.4,建筑,80355.0
2016-12-28,SZE_002163,9.64,9.64,0.0,74223.4,建筑,80355.0
2016-12-29,SZE_002163,9.88,9.88,0.0,74223.4,建筑,80355.0
2016-12-30,SZE_002163,9.64,9.64,0.0,74223.4,建筑,80355.0
2017-01-03,SZE_002163,9.76,9.76,0.0,80331.0,建筑,80355.0
2017-01-04,SZE_002163,9.95,9.95,0.0,80331.0,建筑,80355.0
2017-01-05,SZE_002163,10.13,10.13,0.0,80331.0,建筑,80355.0
2017-01-06,SZE_002163,10.48,10.48,0.0,80331.0,建筑,80355.0
2017-01-09,SZE_002163,10.8,10.8,0.0,80331.0,建筑,80355.0
2017-01-10,SZE_002163,10.37,10.37,0.0,80331.0,建筑,80355.0
2017-01-11,SZE_002163,10.27,10.27,0.0,80331.0,建筑,80355.0
2017-01-12,SZE_002163,9.88,9.88,0.0,80331.0,建筑,80355.0
2017-01-13,SZE_002163,9.54,9.54,0.0,80331.0,建筑,80355.0
2017-01-16,SZE_002163,8.91,8.91,0.0,80331.0,建筑,80355.0
2017-01-17,SZE_002163,9.04,9.04,0.0,80331.0,建筑,80355.0
2017-01-18,SZE_002163,8.91,8.91,0.0,80331.0,建筑,80355.0
2017-01-19,SZE_002163,8.75,8.75,0.0,80331.0,建筑,80355.0
2017-01-20,SZE_002163,8.9,8.9,0.0,80331.0,建筑,80355.0
2017-01-23,SZE_002163,9.18,9.18,0.0,80331.0,建筑,80355.0
2017-01-24,SZE_002163,9.19,9.19,0.0,80331.0,建筑,80355.0
2017-01-25,SZE_002163,9.19,9.19,0.0,80331.0,建筑,80355.0
2017-01-26,SZE_002163,9.3,9.3,0.0,80331.0,建筑,80355.0
2017-02-03,SZE_002163,9.33,9.33,0.0,80331.0,建筑,80355.0
2017-02-06,SZE_002163,9.4,9.4,0.0,80331.0,建筑,80355.0
2017-02-07,SZE_002163,9.5,9.5,0.0,80331.0,建筑,80355.0
2017-02-08,SZE_002163,9.87,9.87,0.0,80331.0,建筑,80355.0
2017-02-09,SZE_002163,9.9,9.9,0.0,80331.0,建筑,80355.0
2017-02-10,SZE_002163,9.92,9.92,0.0,80331.0,建筑,80355.0
2017-02-13,SZE_002163,10.01,10.01,0.0,80331.0,建筑,80355.0
2017-02-14,SZE_002163,9.84,9.84,0.0,80331.0,建筑,80355.0
2017-02-15,SZE_002163,9.65,9.65,0.0,80331.0,建筑,80355.0
2017-02-16,SZE_002163,10.62,10.62,0.0,80331.0,建筑,80355.0
2017-02-17,SZE_002163,10.96,10.96,0.0,80331.0,建筑,80355.0
2017-02-20,SZE_002163,10.75,10.75,0.0,80331.0,建筑,80355.0
2017-02-21,SZE_002163,10.8,10.8,0.0,80331.0,建筑,80355.0
2017-02-22,SZE_002163,10.58,10.58,0.0,80331.0,建筑,80355.0
2017-02-23,SZE_002163,10.55,10.55,0.0,80331.0,建筑,80355.0
2017-02-24,SZE_002163,10.71,10.71,0.0,80331.0,建筑,80355.0
2017-02-27,SZE_002163,10.18,10.18,0.0,80331.0,建筑,80355.0
2017-02-28,SZE_002163,10.24,10.24,0.0,80331.0,建筑,80355.0
2017-03-01,SZE_002163,10.37,10.37,0.0,80331.0,建筑,80355.0
2017-03-02,SZE_002163,10.04,10.04,0.0,80331.0,建筑,80355.0
2017-03-03,SZE_002163,10.12,10.12,0.0,80331.0,建筑,80355.0
2017-03-06,SZE_002163,10.29,10.29,0.0,80331.0,建筑,80355.0
2017-03-07,SZE_002163,10.26,10.26,0.0,80331.0,建筑,80355.0
2017-03-08,SZE_002163,10.38,10.38,0.0,80331.0,建筑,80355.0
2017-03-09,SZE_002163,10.15,10.15,0.0,80331.0,建筑,80355.0
2017-03-10,SZE_002163,10.32,10.32,0.0,80331.0,建筑,80355.0
2017-03-13,SZE_002163,10.33,10.33,0.0,80331.0,建筑,80355.0
2017-03-14,SZE_002163,10.2,10.2,0.0,80331.0,建筑,80355.0
2017-03-15,SZE_002163,10.04,10.04,0.0,80331.0,建筑,80355.0
2017-03-16,SZE_002163,10.18,10.18,0.0,80331.0,建筑,80355.0
2017-03-17,SZE_002163,10.16,10.16,0.0,80331.0,建筑,80355.0
2017-03-20,SZE_002163,10.2,10.2,0.0,80331.0,建筑,80355.0
2017-03-21,SZE_002163,10.4,10.4,0.0,80331.0,建筑,80355.0
2017-03-22,SZE_002163,10.24,10.24,0.0,80331.0,建筑,80355.0
2017-03-23,SZE_002163,10.07,10.07,0.0,80331.0,建筑,80355.0
2017-03-24,SZE_002163,10.1,10.1,0.0,80331.0,建筑,80355.0
2017-03-27,SZE_002163,10.48,10.48,0.0,80331.0,建筑,80355.0
2017-03-28,SZE_002163,10.3,10.3,0.0,80331.0,建筑,80355.0
2017-03-29,SZE_002163,10.61,10.61,0.0,80331.0,建筑,80355.0
2017-03-30,SZE_002163,10.45,10.45,0.0,80331.0,建筑,80355.0
2017-03-31,SZE_002163,10.15,10.15,0.0,80331.0,建筑,80355.0
2017-04-05,SZE_002163,10.32,10.32,0.0,80331.0,建筑,80355.0
2017-04-06,SZE_002163,10.19,10.19,0.0,80331.0,建筑,80355.0
2017-04-07,SZE_002163,10.46,10.46,0.0,80331.0,建筑,80355.0
2017-04-10,SZE_002163,10.31,10.31,0.0,80331.0,建筑,80355.0
2017-04-11,SZE_002163,10.63,10.63,0.0,80331.0,建筑,80355.0
2017-04-12,SZE_002163,10.58,10.58,0.0,80331.0,建筑,80355.0
2017-04-13,SZE_002163,10.41,10.41,0.0,80331.0,建筑,80355.0
2017-04-14,SZE_002163,10.23,10.23,0.0,80331.0,建筑,80355.0
2017-04-17,SZE_002163,9.77,9.77,0.0,80331.0,建筑,80355.0
2017-04-18,SZE_002163,9.77,9.77,0.0,80331.0,建筑,80355.0
2017-04-19,SZE_002163,9.31,9.31,0.0,80331.0,建筑,80355.0
2017-04-20,SZE_002163,9.29,9.29,0.0,80331.0,建筑,80355.0
2017-04-21,SZE_002163,9.18,9.18,0.0,80331.0,建筑,80355.0
2017-04-24,SZE_002163,8.53,8.53,0.0,80331.0,建筑,80355.0
2017-04-25,SZE_002163,8.59,8.59,0.0,80331.0,建筑,80355.0
2017-04-26,SZE_002163,8.58,8.58,0.0,80331.0,建筑,80355.0
2017-04-27,SZE_002163,8.35,8.35,0.0,80331.0,建筑,80355.0
2017-04-28,SZE_002163,8.42,8.42,0.0,80331.0,建筑,80355.0
2017-05-02,SZE_002163,8.26,8.26,0.0,80331.0,建筑,80355.0
2017-05-03,SZE_002163,8.37,8.37,0.0,80331.0,建筑,80355.0
2017-05-04,SZE_002163,8.21,8.21,0.0,80331.0,建筑,80355.0
2017-05-05,SZE_002163,7.96,7.96,0.0,80331.0,建筑,80355.0
2017-05-08,SZE_002163,7.66,7.66,0.0,80331.0,建筑,80355.0
2017-05-09,SZE_002163,7.79,7.79,0.0,80331.0,建筑,80355.0
2017-05-10,SZE_002163,7.84,7.84,0.0,80331.0,建筑,80355.0
2017-05-11,SZE_002163,8.07,8.07,0.0,80331.0,建筑,80355.0
2017-05-12,SZE_002163,8.07,8.07,0.0,80331.0,建筑,80355.0
2017-05-15,SZE_002163,8.03,8.03,0.0,80331.0,建筑,80355.0
2017-05-16,SZE_002163,8.13,8.13,0.0,80331.0,建筑,80355.0
2017-05-17,SZE_002163,8.09,8.09,0.0,80331.0,建筑,80355.0
2017-05-18,SZE_002163,7.87,7.87,0.0,80331.0,建筑,80355.0
2017-05-19,SZE_002163,7.82,7.82,0.0,80331.0,建筑,80355.0
2017-05-22,SZE_002163,7.7,7.7,0.0,80331.0,建筑,80355.0
2017-05-23,SZE_002163,7.08,7.08,0.0,80331.0,建筑,80355.0
2017-05-24,SZE_002163,7.08,7.08,0.0,80331.0,建筑,80355.0
2017-05-25,SZE_002163,7.13,7.13,0.0,80331.0,建筑,80355.0
2017-05-26,SZE_002163,7.25,7.25,0.0,80331.0,建筑,80355.0
2017-05-31,SZE_002163,7.14,7.14,0.0,80331.0,建筑,80355.0
2017-06-01,SZE_002163,6.92,6.92,0.0,80331.0,建筑,80355.0
2017-06-02,SZE_002163,7.13,7.13,0.0,80331.0,建筑,80355.0
2017-06-05,SZE_002163,7.31,7.31,0.0,80331.0,建筑,80355.0
2017-06-06,SZE_002163,7.27,7.27,0.0,80331.0,建筑,80355.0
2017-06-07,SZE_002163,7.41,7.41,0.0,80331.0,建筑,80355.0
2017-06-08,SZE_002163,8.15,8.15,0.0,80331.0,建筑,80355.0
2017-06-09,SZE_002163,8.52,8.52,0.0,80331.0,建筑,80355.0
2017-06-12,SZE_002163,8.23,8.23,0.0,80331.0,建筑,80355.0
2017-06-13,SZE_002163,8.28,8.28,0.0,80331.0,建筑,80355.0
2017-06-14,SZE_002163,8.32,8.32,0.0,80331.0,建筑,80355.0
2017-06-15,SZE_002163,8.28,8.28,0.0,80331.0,建筑,80355.0
2017-06-16,SZE_002163,8.28,8.28,0.0,80331.0,建筑,80355.0
2017-06-19,SZE_002163,8.36,8.36,0.0,80331.0,建筑,80355.0
2017-06-20,SZE_002163,8.39,8.39,0.0,80331.0,建筑,80355.0
2017-06-21,SZE_002163,8.43,8.43,0.0,80331.0,建筑,80355.0
2017-06-22,SZE_002163,8.14,8.14,0.0,80331.0,建筑,80355.0
2017-06-23,SZE_002163,8.06,8.06,0.0,80331.0,建筑,80355.0
2017-06-26,SZE_002163,8.21,8.21,0.0,80331.0,建筑,80355.0
2017-06-27,SZE_002163,8.29,8.29,0.0,80331.0,建筑,80355.0
2017-06-28,SZE_002163,8.16,8.16,0.0,80331.0,建筑,80355.0
2017-06-29,SZE_002163,8.22,8.22,0.0,80331.0,建筑,80355.0
2017-06-30,SZE_002163,8.26,8.26,0.0,80336.8,建筑,80355.0
2017-07-03,SZE_002163,8.32,8.32,0.0,80336.8,建筑,80355.0
2017-07-04,SZE_002163,8.54,8.54,0.0,80336.8,建筑,80355.0
2017-07-05,SZE_002163,8.49,8.49,0.0,80336.8,建筑,80355.0
2017-07-06,SZE_002163,8.55,8.55,0.0,80336.8,建筑,80355.0
2017-07-07,SZE_002163,8.53,8.53,0.0,80336.8,建筑,80355.0
2017-07-10,SZE_002163,8.47,8.47,0.0,80336.8,建筑,80355.0
2017-07-11,SZE_002163,8.24,8.24,0.0,80336.8,建筑,80355.0
2017-07-12,SZE_002163,8.15,8.15,0.0,80336.8,建筑,80355.0
2017-07-13,SZE_002163,8.23,8.23,0.0,80336.8,建筑,80355.0
2017-07-14,SZE_002163,8.23,8.23,0.0,80336.8,建筑,80355.0
2017-07-17,SZE_002163,7.41,7.41,0.0,80336.8,建筑,80355.0
2017-07-18,SZE_002163,7.48,7.48,0.0,80336.8,建筑,80355.0
2017-07-19,SZE_002163,7.92,7.92,0.0,80336.8,建筑,80355.0
2017-07-20,SZE_002163,7.95,7.95,0.0,80336.8,建筑,80355.0
2017-07-21,SZE_002163,7.87,7.87,0.0,80336.8,建筑,80355.0
2017-07-24,SZE_002163,7.91,7.91,0.0,80336.8,建筑,80355.0
2017-07-25,SZE_002163,7.82,7.82,0.0,80336.8,建筑,80355.0
2017-07-26,SZE_002163,7.71,7.71,0.0,80336.8,建筑,80355.0
2017-07-27,SZE_002163,7.88,7.88,0.0,80336.8,建筑,80355.0
2017-07-28,SZE_002163,7.81,7.81,0.0,80336.8,建筑,80355.0
2017-07-31,SZE_002163,7.83,7.83,0.0,80336.8,建筑,80355.0
2017-08-01,SZE_002163,7.72,7.72,0.0,80336.8,建筑,80355.0
2017-08-02,SZE_002163,7.51,7.51,0.0,80336.8,建筑,80355.0
2017-08-03,SZE_002163,7.62,7.62,0.0,80336.8,建筑,80355.0
2017-08-04,SZE_002163,7.83,7.83,0.0,80336.8,建筑,80355.0
2017-08-07,SZE_002163,7.75,7.75,0.0,80336.8,建筑,80355.0
2017-08-08,SZE_002163,7.73,7.73,0.0,80336.8,建筑,80355.0
2017-08-09,SZE_002163,7.77,7.77,0.0,80336.8,建筑,80355.0
2017-08-10,SZE_002163,7.7,7.7,0.0,80336.8,建筑,80355.0
2017-08-11,SZE_002163,7.68,7.68,0.0,80336.8,建筑,80355.0
2017-08-14,SZE_002163,7.69,7.69,0.0,80336.8,建筑,80355.0
2017-08-15,SZE_002163,7.72,7.72,0.0,80336.8,建筑,80355.0
2017-08-16,SZE_002163,7.77,7.77,0.0,80336.8,建筑,80355.0
2017-08-17,SZE_002163,7.97,7.97,0.0,80336.8,建筑,80355.0
2017-08-18,SZE_002163,8.06,8.06,0.0,80336.8,建筑,80355.0
2017-08-21,SZE_002163,7.99,7.99,0.0,80336.8,建筑,80355.0
2017-08-22,SZE_002163,7.87,7.87,0.0,80336.8,建筑,80355.0
2017-08-23,SZE_002163,7.9,7.9,0.0,80336.8,建筑,80355.0
2017-08-24,SZE_002163,8.16,8.16,0.0,80336.8,建筑,80355.0
2017-08-25,SZE_002163,8.11,8.11,0.0,80336.8,建筑,80355.0
2017-08-28,SZE_002163,8.14,8.14,0.0,80336.8,建筑,80355.0
2017-08-29,SZE_002163,8.11,8.11,0.0,80336.8,建筑,80355.0
2017-08-30,SZE_002163,8.11,8.11,0.0,80336.8,建筑,80355.0
2017-08-31,SZE_002163,8.01,8.01,0.0,80336.8,建筑,80355.0
2017-09-01,SZE_002163,8.03,8.03,0.0,80336.8,建筑,80355.0
2017-09-04,SZE_002163,8.11,8.11,0.0,80336.8,建筑,80355.0
2017-09-05,SZE_002163,8.05,8.05,0.0,80336.8,建筑,80355.0
2017-09-06,SZE_002163,8.01,8.01,0.0,80336.8,建筑,80355.0
2017-09-07,SZE_002163,8.01,8.01,0.0,80336.8,建筑,80355.0
2017-09-08,SZE_002163,7.97,7.97,0.0,80336.8,建筑,80355.0
2017-09-11,SZE_002163,7.98,7.98,0.0,80336.8,建筑,80355.0
2017-09-12,SZE_002163,8.1,8.1,0.0,80336.8,建筑,80355.0
2017-09-13,SZE_002163,8.1,8.1,0.0,80336.8,建筑,80355.0
2017-09-14,SZE_002163,8.28,8.28,0.0,80336.8,建筑,80355.0
2017-09-15,SZE_002163,8.15,8.15,0.0,80336.8,建筑,80355.0
2017-09-18,SZE_002163,8.12,8.12,0.0,80336.8,建筑,80355.0
2017-09-19,SZE_002163,8.08,8.08,0.0,80336.8,建筑,80355.0
2017-09-20,SZE_002163,8.14,8.14,0.0,80336.8,建筑,80355.0
2017-09-21,SZE_002163,7.96,7.96,0.0,80336.8,建筑,80355.0
2017-09-22,SZE_002163,7.99,7.99,0.0,80336.8,建筑,80355.0
2017-09-25,SZE_002163,7.88,7.88,0.0,80336.8,建筑,80355.0
2017-09-26,SZE_002163,7.89,7.89,0.0,80336.8,建筑,80355.0
2017-09-27,SZE_002163,7.88,7.88,0.0,80336.8,建筑,80355.0
2017-09-28,SZE_002163,7.9,7.9,0.0,80336.8,建筑,80355.0
2017-09-29,SZE_002163,8.04,8.04,0.0,80336.8,建筑,80355.0
2017-10-09,SZE_002163,8.04,8.04,0.0,80336.8,建筑,80355.0
2017-10-10,SZE_002163,8.03,8.03,0.0,80336.8,建筑,80355.0
2017-10-11,SZE_002163,8.06,8.06,0.0,80336.8,建筑,80355.0
2017-10-12,SZE_002163,8.14,8.14,0.0,80336.8,建筑,80355.0
2017-10-13,SZE_002163,8.27,8.27,0.0,80336.8,建筑,80355.0
2017-10-16,SZE_002163,8.38,8.38,0.0,80336.8,建筑,80355.0
2017-10-17,SZE_002163,8.13,8.13,0.0,80336.8,建筑,80355.0
2017-10-18,SZE_002163,8.12,8.12,0.0,80336.8,建筑,80355.0
2017-10-19,SZE_002163,8.06,8.06,0.0,80336.8,建筑,80355.0
2017-10-20,SZE_002163,8.09,8.09,0.0,80336.8,建筑,80355.0
2017-10-23,SZE_002163,8.0,8.0,0.0,80336.8,建筑,80355.0
2017-10-24,SZE_002163,8.02,8.02,0.0,80336.8,建筑,80355.0
2017-10-25,SZE_002163,8.02,8.02,0.0,80336.8,建筑,80355.0
2017-10-26,SZE_002163,7.99,7.99,0.0,80336.8,建筑,80355.0
2017-10-27,SZE_002163,7.78,7.78,0.0,80336.8,建筑,80355.0
2017-10-30,SZE_002163,7.54,7.54,0.0,80336.8,建筑,80355.0
2017-10-31,SZE_002163,7.64,7.64,0.0,80336.8,建筑,80355.0
